*vertices 1000
1 0 0.0 0.0 ellipse
2 1 0.0 0.0 ellipse
3 2 0.0 0.0 ellipse
4 3 0.0 0.0 ellipse
5 4 0.0 0.0 ellipse
6 5 0.0 0.0 ellipse
7 6 0.0 0.0 ellipse
8 7 0.0 0.0 ellipse
9 8 0.0 0.0 ellipse
10 9 0.0 0.0 ellipse
11 10 0.0 0.0 ellipse
12 11 0.0 0.0 ellipse
13 12 0.0 0.0 ellipse
14 13 0.0 0.0 ellipse
15 14 0.0 0.0 ellipse
16 15 0.0 0.0 ellipse
17 16 0.0 0.0 ellipse
18 17 0.0 0.0 ellipse
19 18 0.0 0.0 ellipse
20 19 0.0 0.0 ellipse
21 20 0.0 0.0 ellipse
22 21 0.0 0.0 ellipse
23 22 0.0 0.0 ellipse
24 23 0.0 0.0 ellipse
25 24 0.0 0.0 ellipse
26 25 0.0 0.0 ellipse
27 26 0.0 0.0 ellipse
28 27 0.0 0.0 ellipse
29 28 0.0 0.0 ellipse
30 29 0.0 0.0 ellipse
31 30 0.0 0.0 ellipse
32 31 0.0 0.0 ellipse
33 32 0.0 0.0 ellipse
34 33 0.0 0.0 ellipse
35 34 0.0 0.0 ellipse
36 35 0.0 0.0 ellipse
37 36 0.0 0.0 ellipse
38 37 0.0 0.0 ellipse
39 38 0.0 0.0 ellipse
40 39 0.0 0.0 ellipse
41 40 0.0 0.0 ellipse
42 41 0.0 0.0 ellipse
43 42 0.0 0.0 ellipse
44 43 0.0 0.0 ellipse
45 44 0.0 0.0 ellipse
46 45 0.0 0.0 ellipse
47 46 0.0 0.0 ellipse
48 47 0.0 0.0 ellipse
49 48 0.0 0.0 ellipse
50 49 0.0 0.0 ellipse
51 50 0.0 0.0 ellipse
52 51 0.0 0.0 ellipse
53 52 0.0 0.0 ellipse
54 53 0.0 0.0 ellipse
55 54 0.0 0.0 ellipse
56 55 0.0 0.0 ellipse
57 56 0.0 0.0 ellipse
58 57 0.0 0.0 ellipse
59 58 0.0 0.0 ellipse
60 59 0.0 0.0 ellipse
61 60 0.0 0.0 ellipse
62 61 0.0 0.0 ellipse
63 62 0.0 0.0 ellipse
64 63 0.0 0.0 ellipse
65 64 0.0 0.0 ellipse
66 65 0.0 0.0 ellipse
67 66 0.0 0.0 ellipse
68 67 0.0 0.0 ellipse
69 68 0.0 0.0 ellipse
70 69 0.0 0.0 ellipse
71 70 0.0 0.0 ellipse
72 71 0.0 0.0 ellipse
73 72 0.0 0.0 ellipse
74 73 0.0 0.0 ellipse
75 74 0.0 0.0 ellipse
76 75 0.0 0.0 ellipse
77 76 0.0 0.0 ellipse
78 77 0.0 0.0 ellipse
79 78 0.0 0.0 ellipse
80 79 0.0 0.0 ellipse
81 80 0.0 0.0 ellipse
82 81 0.0 0.0 ellipse
83 82 0.0 0.0 ellipse
84 83 0.0 0.0 ellipse
85 84 0.0 0.0 ellipse
86 85 0.0 0.0 ellipse
87 86 0.0 0.0 ellipse
88 87 0.0 0.0 ellipse
89 88 0.0 0.0 ellipse
90 89 0.0 0.0 ellipse
91 90 0.0 0.0 ellipse
92 91 0.0 0.0 ellipse
93 92 0.0 0.0 ellipse
94 93 0.0 0.0 ellipse
95 94 0.0 0.0 ellipse
96 95 0.0 0.0 ellipse
97 96 0.0 0.0 ellipse
98 97 0.0 0.0 ellipse
99 98 0.0 0.0 ellipse
100 99 0.0 0.0 ellipse
101 100 0.0 0.0 ellipse
102 101 0.0 0.0 ellipse
103 102 0.0 0.0 ellipse
104 103 0.0 0.0 ellipse
105 104 0.0 0.0 ellipse
106 105 0.0 0.0 ellipse
107 106 0.0 0.0 ellipse
108 107 0.0 0.0 ellipse
109 108 0.0 0.0 ellipse
110 109 0.0 0.0 ellipse
111 110 0.0 0.0 ellipse
112 111 0.0 0.0 ellipse
113 112 0.0 0.0 ellipse
114 113 0.0 0.0 ellipse
115 114 0.0 0.0 ellipse
116 115 0.0 0.0 ellipse
117 116 0.0 0.0 ellipse
118 117 0.0 0.0 ellipse
119 118 0.0 0.0 ellipse
120 119 0.0 0.0 ellipse
121 120 0.0 0.0 ellipse
122 121 0.0 0.0 ellipse
123 122 0.0 0.0 ellipse
124 123 0.0 0.0 ellipse
125 124 0.0 0.0 ellipse
126 125 0.0 0.0 ellipse
127 126 0.0 0.0 ellipse
128 127 0.0 0.0 ellipse
129 128 0.0 0.0 ellipse
130 129 0.0 0.0 ellipse
131 130 0.0 0.0 ellipse
132 131 0.0 0.0 ellipse
133 132 0.0 0.0 ellipse
134 133 0.0 0.0 ellipse
135 134 0.0 0.0 ellipse
136 135 0.0 0.0 ellipse
137 136 0.0 0.0 ellipse
138 137 0.0 0.0 ellipse
139 138 0.0 0.0 ellipse
140 139 0.0 0.0 ellipse
141 140 0.0 0.0 ellipse
142 141 0.0 0.0 ellipse
143 142 0.0 0.0 ellipse
144 143 0.0 0.0 ellipse
145 144 0.0 0.0 ellipse
146 145 0.0 0.0 ellipse
147 146 0.0 0.0 ellipse
148 147 0.0 0.0 ellipse
149 148 0.0 0.0 ellipse
150 149 0.0 0.0 ellipse
151 150 0.0 0.0 ellipse
152 151 0.0 0.0 ellipse
153 152 0.0 0.0 ellipse
154 153 0.0 0.0 ellipse
155 154 0.0 0.0 ellipse
156 155 0.0 0.0 ellipse
157 156 0.0 0.0 ellipse
158 157 0.0 0.0 ellipse
159 158 0.0 0.0 ellipse
160 159 0.0 0.0 ellipse
161 160 0.0 0.0 ellipse
162 161 0.0 0.0 ellipse
163 162 0.0 0.0 ellipse
164 163 0.0 0.0 ellipse
165 164 0.0 0.0 ellipse
166 165 0.0 0.0 ellipse
167 166 0.0 0.0 ellipse
168 167 0.0 0.0 ellipse
169 168 0.0 0.0 ellipse
170 169 0.0 0.0 ellipse
171 170 0.0 0.0 ellipse
172 171 0.0 0.0 ellipse
173 172 0.0 0.0 ellipse
174 173 0.0 0.0 ellipse
175 174 0.0 0.0 ellipse
176 175 0.0 0.0 ellipse
177 176 0.0 0.0 ellipse
178 177 0.0 0.0 ellipse
179 178 0.0 0.0 ellipse
180 179 0.0 0.0 ellipse
181 180 0.0 0.0 ellipse
182 181 0.0 0.0 ellipse
183 182 0.0 0.0 ellipse
184 183 0.0 0.0 ellipse
185 184 0.0 0.0 ellipse
186 185 0.0 0.0 ellipse
187 186 0.0 0.0 ellipse
188 187 0.0 0.0 ellipse
189 188 0.0 0.0 ellipse
190 189 0.0 0.0 ellipse
191 190 0.0 0.0 ellipse
192 191 0.0 0.0 ellipse
193 192 0.0 0.0 ellipse
194 193 0.0 0.0 ellipse
195 194 0.0 0.0 ellipse
196 195 0.0 0.0 ellipse
197 196 0.0 0.0 ellipse
198 197 0.0 0.0 ellipse
199 198 0.0 0.0 ellipse
200 199 0.0 0.0 ellipse
201 200 0.0 0.0 ellipse
202 201 0.0 0.0 ellipse
203 202 0.0 0.0 ellipse
204 203 0.0 0.0 ellipse
205 204 0.0 0.0 ellipse
206 205 0.0 0.0 ellipse
207 206 0.0 0.0 ellipse
208 207 0.0 0.0 ellipse
209 208 0.0 0.0 ellipse
210 209 0.0 0.0 ellipse
211 210 0.0 0.0 ellipse
212 211 0.0 0.0 ellipse
213 212 0.0 0.0 ellipse
214 213 0.0 0.0 ellipse
215 214 0.0 0.0 ellipse
216 215 0.0 0.0 ellipse
217 216 0.0 0.0 ellipse
218 217 0.0 0.0 ellipse
219 218 0.0 0.0 ellipse
220 219 0.0 0.0 ellipse
221 220 0.0 0.0 ellipse
222 221 0.0 0.0 ellipse
223 222 0.0 0.0 ellipse
224 223 0.0 0.0 ellipse
225 224 0.0 0.0 ellipse
226 225 0.0 0.0 ellipse
227 226 0.0 0.0 ellipse
228 227 0.0 0.0 ellipse
229 228 0.0 0.0 ellipse
230 229 0.0 0.0 ellipse
231 230 0.0 0.0 ellipse
232 231 0.0 0.0 ellipse
233 232 0.0 0.0 ellipse
234 233 0.0 0.0 ellipse
235 234 0.0 0.0 ellipse
236 235 0.0 0.0 ellipse
237 236 0.0 0.0 ellipse
238 237 0.0 0.0 ellipse
239 238 0.0 0.0 ellipse
240 239 0.0 0.0 ellipse
241 240 0.0 0.0 ellipse
242 241 0.0 0.0 ellipse
243 242 0.0 0.0 ellipse
244 243 0.0 0.0 ellipse
245 244 0.0 0.0 ellipse
246 245 0.0 0.0 ellipse
247 246 0.0 0.0 ellipse
248 247 0.0 0.0 ellipse
249 248 0.0 0.0 ellipse
250 249 0.0 0.0 ellipse
251 250 0.0 0.0 ellipse
252 251 0.0 0.0 ellipse
253 252 0.0 0.0 ellipse
254 253 0.0 0.0 ellipse
255 254 0.0 0.0 ellipse
256 255 0.0 0.0 ellipse
257 256 0.0 0.0 ellipse
258 257 0.0 0.0 ellipse
259 258 0.0 0.0 ellipse
260 259 0.0 0.0 ellipse
261 260 0.0 0.0 ellipse
262 261 0.0 0.0 ellipse
263 262 0.0 0.0 ellipse
264 263 0.0 0.0 ellipse
265 264 0.0 0.0 ellipse
266 265 0.0 0.0 ellipse
267 266 0.0 0.0 ellipse
268 267 0.0 0.0 ellipse
269 268 0.0 0.0 ellipse
270 269 0.0 0.0 ellipse
271 270 0.0 0.0 ellipse
272 271 0.0 0.0 ellipse
273 272 0.0 0.0 ellipse
274 273 0.0 0.0 ellipse
275 274 0.0 0.0 ellipse
276 275 0.0 0.0 ellipse
277 276 0.0 0.0 ellipse
278 277 0.0 0.0 ellipse
279 278 0.0 0.0 ellipse
280 279 0.0 0.0 ellipse
281 280 0.0 0.0 ellipse
282 281 0.0 0.0 ellipse
283 282 0.0 0.0 ellipse
284 283 0.0 0.0 ellipse
285 284 0.0 0.0 ellipse
286 285 0.0 0.0 ellipse
287 286 0.0 0.0 ellipse
288 287 0.0 0.0 ellipse
289 288 0.0 0.0 ellipse
290 289 0.0 0.0 ellipse
291 290 0.0 0.0 ellipse
292 291 0.0 0.0 ellipse
293 292 0.0 0.0 ellipse
294 293 0.0 0.0 ellipse
295 294 0.0 0.0 ellipse
296 295 0.0 0.0 ellipse
297 296 0.0 0.0 ellipse
298 297 0.0 0.0 ellipse
299 298 0.0 0.0 ellipse
300 299 0.0 0.0 ellipse
301 300 0.0 0.0 ellipse
302 301 0.0 0.0 ellipse
303 302 0.0 0.0 ellipse
304 303 0.0 0.0 ellipse
305 304 0.0 0.0 ellipse
306 305 0.0 0.0 ellipse
307 306 0.0 0.0 ellipse
308 307 0.0 0.0 ellipse
309 308 0.0 0.0 ellipse
310 309 0.0 0.0 ellipse
311 310 0.0 0.0 ellipse
312 311 0.0 0.0 ellipse
313 312 0.0 0.0 ellipse
314 313 0.0 0.0 ellipse
315 314 0.0 0.0 ellipse
316 315 0.0 0.0 ellipse
317 316 0.0 0.0 ellipse
318 317 0.0 0.0 ellipse
319 318 0.0 0.0 ellipse
320 319 0.0 0.0 ellipse
321 320 0.0 0.0 ellipse
322 321 0.0 0.0 ellipse
323 322 0.0 0.0 ellipse
324 323 0.0 0.0 ellipse
325 324 0.0 0.0 ellipse
326 325 0.0 0.0 ellipse
327 326 0.0 0.0 ellipse
328 327 0.0 0.0 ellipse
329 328 0.0 0.0 ellipse
330 329 0.0 0.0 ellipse
331 330 0.0 0.0 ellipse
332 331 0.0 0.0 ellipse
333 332 0.0 0.0 ellipse
334 333 0.0 0.0 ellipse
335 334 0.0 0.0 ellipse
336 335 0.0 0.0 ellipse
337 336 0.0 0.0 ellipse
338 337 0.0 0.0 ellipse
339 338 0.0 0.0 ellipse
340 339 0.0 0.0 ellipse
341 340 0.0 0.0 ellipse
342 341 0.0 0.0 ellipse
343 342 0.0 0.0 ellipse
344 343 0.0 0.0 ellipse
345 344 0.0 0.0 ellipse
346 345 0.0 0.0 ellipse
347 346 0.0 0.0 ellipse
348 347 0.0 0.0 ellipse
349 348 0.0 0.0 ellipse
350 349 0.0 0.0 ellipse
351 350 0.0 0.0 ellipse
352 351 0.0 0.0 ellipse
353 352 0.0 0.0 ellipse
354 353 0.0 0.0 ellipse
355 354 0.0 0.0 ellipse
356 355 0.0 0.0 ellipse
357 356 0.0 0.0 ellipse
358 357 0.0 0.0 ellipse
359 358 0.0 0.0 ellipse
360 359 0.0 0.0 ellipse
361 360 0.0 0.0 ellipse
362 361 0.0 0.0 ellipse
363 362 0.0 0.0 ellipse
364 363 0.0 0.0 ellipse
365 364 0.0 0.0 ellipse
366 365 0.0 0.0 ellipse
367 366 0.0 0.0 ellipse
368 367 0.0 0.0 ellipse
369 368 0.0 0.0 ellipse
370 369 0.0 0.0 ellipse
371 370 0.0 0.0 ellipse
372 371 0.0 0.0 ellipse
373 372 0.0 0.0 ellipse
374 373 0.0 0.0 ellipse
375 374 0.0 0.0 ellipse
376 375 0.0 0.0 ellipse
377 376 0.0 0.0 ellipse
378 377 0.0 0.0 ellipse
379 378 0.0 0.0 ellipse
380 379 0.0 0.0 ellipse
381 380 0.0 0.0 ellipse
382 381 0.0 0.0 ellipse
383 382 0.0 0.0 ellipse
384 383 0.0 0.0 ellipse
385 384 0.0 0.0 ellipse
386 385 0.0 0.0 ellipse
387 386 0.0 0.0 ellipse
388 387 0.0 0.0 ellipse
389 388 0.0 0.0 ellipse
390 389 0.0 0.0 ellipse
391 390 0.0 0.0 ellipse
392 391 0.0 0.0 ellipse
393 392 0.0 0.0 ellipse
394 393 0.0 0.0 ellipse
395 394 0.0 0.0 ellipse
396 395 0.0 0.0 ellipse
397 396 0.0 0.0 ellipse
398 397 0.0 0.0 ellipse
399 398 0.0 0.0 ellipse
400 399 0.0 0.0 ellipse
401 400 0.0 0.0 ellipse
402 401 0.0 0.0 ellipse
403 402 0.0 0.0 ellipse
404 403 0.0 0.0 ellipse
405 404 0.0 0.0 ellipse
406 405 0.0 0.0 ellipse
407 406 0.0 0.0 ellipse
408 407 0.0 0.0 ellipse
409 408 0.0 0.0 ellipse
410 409 0.0 0.0 ellipse
411 410 0.0 0.0 ellipse
412 411 0.0 0.0 ellipse
413 412 0.0 0.0 ellipse
414 413 0.0 0.0 ellipse
415 414 0.0 0.0 ellipse
416 415 0.0 0.0 ellipse
417 416 0.0 0.0 ellipse
418 417 0.0 0.0 ellipse
419 418 0.0 0.0 ellipse
420 419 0.0 0.0 ellipse
421 420 0.0 0.0 ellipse
422 421 0.0 0.0 ellipse
423 422 0.0 0.0 ellipse
424 423 0.0 0.0 ellipse
425 424 0.0 0.0 ellipse
426 425 0.0 0.0 ellipse
427 426 0.0 0.0 ellipse
428 427 0.0 0.0 ellipse
429 428 0.0 0.0 ellipse
430 429 0.0 0.0 ellipse
431 430 0.0 0.0 ellipse
432 431 0.0 0.0 ellipse
433 432 0.0 0.0 ellipse
434 433 0.0 0.0 ellipse
435 434 0.0 0.0 ellipse
436 435 0.0 0.0 ellipse
437 436 0.0 0.0 ellipse
438 437 0.0 0.0 ellipse
439 438 0.0 0.0 ellipse
440 439 0.0 0.0 ellipse
441 440 0.0 0.0 ellipse
442 441 0.0 0.0 ellipse
443 442 0.0 0.0 ellipse
444 443 0.0 0.0 ellipse
445 444 0.0 0.0 ellipse
446 445 0.0 0.0 ellipse
447 446 0.0 0.0 ellipse
448 447 0.0 0.0 ellipse
449 448 0.0 0.0 ellipse
450 449 0.0 0.0 ellipse
451 450 0.0 0.0 ellipse
452 451 0.0 0.0 ellipse
453 452 0.0 0.0 ellipse
454 453 0.0 0.0 ellipse
455 454 0.0 0.0 ellipse
456 455 0.0 0.0 ellipse
457 456 0.0 0.0 ellipse
458 457 0.0 0.0 ellipse
459 458 0.0 0.0 ellipse
460 459 0.0 0.0 ellipse
461 460 0.0 0.0 ellipse
462 461 0.0 0.0 ellipse
463 462 0.0 0.0 ellipse
464 463 0.0 0.0 ellipse
465 464 0.0 0.0 ellipse
466 465 0.0 0.0 ellipse
467 466 0.0 0.0 ellipse
468 467 0.0 0.0 ellipse
469 468 0.0 0.0 ellipse
470 469 0.0 0.0 ellipse
471 470 0.0 0.0 ellipse
472 471 0.0 0.0 ellipse
473 472 0.0 0.0 ellipse
474 473 0.0 0.0 ellipse
475 474 0.0 0.0 ellipse
476 475 0.0 0.0 ellipse
477 476 0.0 0.0 ellipse
478 477 0.0 0.0 ellipse
479 478 0.0 0.0 ellipse
480 479 0.0 0.0 ellipse
481 480 0.0 0.0 ellipse
482 481 0.0 0.0 ellipse
483 482 0.0 0.0 ellipse
484 483 0.0 0.0 ellipse
485 484 0.0 0.0 ellipse
486 485 0.0 0.0 ellipse
487 486 0.0 0.0 ellipse
488 487 0.0 0.0 ellipse
489 488 0.0 0.0 ellipse
490 489 0.0 0.0 ellipse
491 490 0.0 0.0 ellipse
492 491 0.0 0.0 ellipse
493 492 0.0 0.0 ellipse
494 493 0.0 0.0 ellipse
495 494 0.0 0.0 ellipse
496 495 0.0 0.0 ellipse
497 496 0.0 0.0 ellipse
498 497 0.0 0.0 ellipse
499 498 0.0 0.0 ellipse
500 499 0.0 0.0 ellipse
501 500 0.0 0.0 ellipse
502 501 0.0 0.0 ellipse
503 502 0.0 0.0 ellipse
504 503 0.0 0.0 ellipse
505 504 0.0 0.0 ellipse
506 505 0.0 0.0 ellipse
507 506 0.0 0.0 ellipse
508 507 0.0 0.0 ellipse
509 508 0.0 0.0 ellipse
510 509 0.0 0.0 ellipse
511 510 0.0 0.0 ellipse
512 511 0.0 0.0 ellipse
513 512 0.0 0.0 ellipse
514 513 0.0 0.0 ellipse
515 514 0.0 0.0 ellipse
516 515 0.0 0.0 ellipse
517 516 0.0 0.0 ellipse
518 517 0.0 0.0 ellipse
519 518 0.0 0.0 ellipse
520 519 0.0 0.0 ellipse
521 520 0.0 0.0 ellipse
522 521 0.0 0.0 ellipse
523 522 0.0 0.0 ellipse
524 523 0.0 0.0 ellipse
525 524 0.0 0.0 ellipse
526 525 0.0 0.0 ellipse
527 526 0.0 0.0 ellipse
528 527 0.0 0.0 ellipse
529 528 0.0 0.0 ellipse
530 529 0.0 0.0 ellipse
531 530 0.0 0.0 ellipse
532 531 0.0 0.0 ellipse
533 532 0.0 0.0 ellipse
534 533 0.0 0.0 ellipse
535 534 0.0 0.0 ellipse
536 535 0.0 0.0 ellipse
537 536 0.0 0.0 ellipse
538 537 0.0 0.0 ellipse
539 538 0.0 0.0 ellipse
540 539 0.0 0.0 ellipse
541 540 0.0 0.0 ellipse
542 541 0.0 0.0 ellipse
543 542 0.0 0.0 ellipse
544 543 0.0 0.0 ellipse
545 544 0.0 0.0 ellipse
546 545 0.0 0.0 ellipse
547 546 0.0 0.0 ellipse
548 547 0.0 0.0 ellipse
549 548 0.0 0.0 ellipse
550 549 0.0 0.0 ellipse
551 550 0.0 0.0 ellipse
552 551 0.0 0.0 ellipse
553 552 0.0 0.0 ellipse
554 553 0.0 0.0 ellipse
555 554 0.0 0.0 ellipse
556 555 0.0 0.0 ellipse
557 556 0.0 0.0 ellipse
558 557 0.0 0.0 ellipse
559 558 0.0 0.0 ellipse
560 559 0.0 0.0 ellipse
561 560 0.0 0.0 ellipse
562 561 0.0 0.0 ellipse
563 562 0.0 0.0 ellipse
564 563 0.0 0.0 ellipse
565 564 0.0 0.0 ellipse
566 565 0.0 0.0 ellipse
567 566 0.0 0.0 ellipse
568 567 0.0 0.0 ellipse
569 568 0.0 0.0 ellipse
570 569 0.0 0.0 ellipse
571 570 0.0 0.0 ellipse
572 571 0.0 0.0 ellipse
573 572 0.0 0.0 ellipse
574 573 0.0 0.0 ellipse
575 574 0.0 0.0 ellipse
576 575 0.0 0.0 ellipse
577 576 0.0 0.0 ellipse
578 577 0.0 0.0 ellipse
579 578 0.0 0.0 ellipse
580 579 0.0 0.0 ellipse
581 580 0.0 0.0 ellipse
582 581 0.0 0.0 ellipse
583 582 0.0 0.0 ellipse
584 583 0.0 0.0 ellipse
585 584 0.0 0.0 ellipse
586 585 0.0 0.0 ellipse
587 586 0.0 0.0 ellipse
588 587 0.0 0.0 ellipse
589 588 0.0 0.0 ellipse
590 589 0.0 0.0 ellipse
591 590 0.0 0.0 ellipse
592 591 0.0 0.0 ellipse
593 592 0.0 0.0 ellipse
594 593 0.0 0.0 ellipse
595 594 0.0 0.0 ellipse
596 595 0.0 0.0 ellipse
597 596 0.0 0.0 ellipse
598 597 0.0 0.0 ellipse
599 598 0.0 0.0 ellipse
600 599 0.0 0.0 ellipse
601 600 0.0 0.0 ellipse
602 601 0.0 0.0 ellipse
603 602 0.0 0.0 ellipse
604 603 0.0 0.0 ellipse
605 604 0.0 0.0 ellipse
606 605 0.0 0.0 ellipse
607 606 0.0 0.0 ellipse
608 607 0.0 0.0 ellipse
609 608 0.0 0.0 ellipse
610 609 0.0 0.0 ellipse
611 610 0.0 0.0 ellipse
612 611 0.0 0.0 ellipse
613 612 0.0 0.0 ellipse
614 613 0.0 0.0 ellipse
615 614 0.0 0.0 ellipse
616 615 0.0 0.0 ellipse
617 616 0.0 0.0 ellipse
618 617 0.0 0.0 ellipse
619 618 0.0 0.0 ellipse
620 619 0.0 0.0 ellipse
621 620 0.0 0.0 ellipse
622 621 0.0 0.0 ellipse
623 622 0.0 0.0 ellipse
624 623 0.0 0.0 ellipse
625 624 0.0 0.0 ellipse
626 625 0.0 0.0 ellipse
627 626 0.0 0.0 ellipse
628 627 0.0 0.0 ellipse
629 628 0.0 0.0 ellipse
630 629 0.0 0.0 ellipse
631 630 0.0 0.0 ellipse
632 631 0.0 0.0 ellipse
633 632 0.0 0.0 ellipse
634 633 0.0 0.0 ellipse
635 634 0.0 0.0 ellipse
636 635 0.0 0.0 ellipse
637 636 0.0 0.0 ellipse
638 637 0.0 0.0 ellipse
639 638 0.0 0.0 ellipse
640 639 0.0 0.0 ellipse
641 640 0.0 0.0 ellipse
642 641 0.0 0.0 ellipse
643 642 0.0 0.0 ellipse
644 643 0.0 0.0 ellipse
645 644 0.0 0.0 ellipse
646 645 0.0 0.0 ellipse
647 646 0.0 0.0 ellipse
648 647 0.0 0.0 ellipse
649 648 0.0 0.0 ellipse
650 649 0.0 0.0 ellipse
651 650 0.0 0.0 ellipse
652 651 0.0 0.0 ellipse
653 652 0.0 0.0 ellipse
654 653 0.0 0.0 ellipse
655 654 0.0 0.0 ellipse
656 655 0.0 0.0 ellipse
657 656 0.0 0.0 ellipse
658 657 0.0 0.0 ellipse
659 658 0.0 0.0 ellipse
660 659 0.0 0.0 ellipse
661 660 0.0 0.0 ellipse
662 661 0.0 0.0 ellipse
663 662 0.0 0.0 ellipse
664 663 0.0 0.0 ellipse
665 664 0.0 0.0 ellipse
666 665 0.0 0.0 ellipse
667 666 0.0 0.0 ellipse
668 667 0.0 0.0 ellipse
669 668 0.0 0.0 ellipse
670 669 0.0 0.0 ellipse
671 670 0.0 0.0 ellipse
672 671 0.0 0.0 ellipse
673 672 0.0 0.0 ellipse
674 673 0.0 0.0 ellipse
675 674 0.0 0.0 ellipse
676 675 0.0 0.0 ellipse
677 676 0.0 0.0 ellipse
678 677 0.0 0.0 ellipse
679 678 0.0 0.0 ellipse
680 679 0.0 0.0 ellipse
681 680 0.0 0.0 ellipse
682 681 0.0 0.0 ellipse
683 682 0.0 0.0 ellipse
684 683 0.0 0.0 ellipse
685 684 0.0 0.0 ellipse
686 685 0.0 0.0 ellipse
687 686 0.0 0.0 ellipse
688 687 0.0 0.0 ellipse
689 688 0.0 0.0 ellipse
690 689 0.0 0.0 ellipse
691 690 0.0 0.0 ellipse
692 691 0.0 0.0 ellipse
693 692 0.0 0.0 ellipse
694 693 0.0 0.0 ellipse
695 694 0.0 0.0 ellipse
696 695 0.0 0.0 ellipse
697 696 0.0 0.0 ellipse
698 697 0.0 0.0 ellipse
699 698 0.0 0.0 ellipse
700 699 0.0 0.0 ellipse
701 700 0.0 0.0 ellipse
702 701 0.0 0.0 ellipse
703 702 0.0 0.0 ellipse
704 703 0.0 0.0 ellipse
705 704 0.0 0.0 ellipse
706 705 0.0 0.0 ellipse
707 706 0.0 0.0 ellipse
708 707 0.0 0.0 ellipse
709 708 0.0 0.0 ellipse
710 709 0.0 0.0 ellipse
711 710 0.0 0.0 ellipse
712 711 0.0 0.0 ellipse
713 712 0.0 0.0 ellipse
714 713 0.0 0.0 ellipse
715 714 0.0 0.0 ellipse
716 715 0.0 0.0 ellipse
717 716 0.0 0.0 ellipse
718 717 0.0 0.0 ellipse
719 718 0.0 0.0 ellipse
720 719 0.0 0.0 ellipse
721 720 0.0 0.0 ellipse
722 721 0.0 0.0 ellipse
723 722 0.0 0.0 ellipse
724 723 0.0 0.0 ellipse
725 724 0.0 0.0 ellipse
726 725 0.0 0.0 ellipse
727 726 0.0 0.0 ellipse
728 727 0.0 0.0 ellipse
729 728 0.0 0.0 ellipse
730 729 0.0 0.0 ellipse
731 730 0.0 0.0 ellipse
732 731 0.0 0.0 ellipse
733 732 0.0 0.0 ellipse
734 733 0.0 0.0 ellipse
735 734 0.0 0.0 ellipse
736 735 0.0 0.0 ellipse
737 736 0.0 0.0 ellipse
738 737 0.0 0.0 ellipse
739 738 0.0 0.0 ellipse
740 739 0.0 0.0 ellipse
741 740 0.0 0.0 ellipse
742 741 0.0 0.0 ellipse
743 742 0.0 0.0 ellipse
744 743 0.0 0.0 ellipse
745 744 0.0 0.0 ellipse
746 745 0.0 0.0 ellipse
747 746 0.0 0.0 ellipse
748 747 0.0 0.0 ellipse
749 748 0.0 0.0 ellipse
750 749 0.0 0.0 ellipse
751 750 0.0 0.0 ellipse
752 751 0.0 0.0 ellipse
753 752 0.0 0.0 ellipse
754 753 0.0 0.0 ellipse
755 754 0.0 0.0 ellipse
756 755 0.0 0.0 ellipse
757 756 0.0 0.0 ellipse
758 757 0.0 0.0 ellipse
759 758 0.0 0.0 ellipse
760 759 0.0 0.0 ellipse
761 760 0.0 0.0 ellipse
762 761 0.0 0.0 ellipse
763 762 0.0 0.0 ellipse
764 763 0.0 0.0 ellipse
765 764 0.0 0.0 ellipse
766 765 0.0 0.0 ellipse
767 766 0.0 0.0 ellipse
768 767 0.0 0.0 ellipse
769 768 0.0 0.0 ellipse
770 769 0.0 0.0 ellipse
771 770 0.0 0.0 ellipse
772 771 0.0 0.0 ellipse
773 772 0.0 0.0 ellipse
774 773 0.0 0.0 ellipse
775 774 0.0 0.0 ellipse
776 775 0.0 0.0 ellipse
777 776 0.0 0.0 ellipse
778 777 0.0 0.0 ellipse
779 778 0.0 0.0 ellipse
780 779 0.0 0.0 ellipse
781 780 0.0 0.0 ellipse
782 781 0.0 0.0 ellipse
783 782 0.0 0.0 ellipse
784 783 0.0 0.0 ellipse
785 784 0.0 0.0 ellipse
786 785 0.0 0.0 ellipse
787 786 0.0 0.0 ellipse
788 787 0.0 0.0 ellipse
789 788 0.0 0.0 ellipse
790 789 0.0 0.0 ellipse
791 790 0.0 0.0 ellipse
792 791 0.0 0.0 ellipse
793 792 0.0 0.0 ellipse
794 793 0.0 0.0 ellipse
795 794 0.0 0.0 ellipse
796 795 0.0 0.0 ellipse
797 796 0.0 0.0 ellipse
798 797 0.0 0.0 ellipse
799 798 0.0 0.0 ellipse
800 799 0.0 0.0 ellipse
801 800 0.0 0.0 ellipse
802 801 0.0 0.0 ellipse
803 802 0.0 0.0 ellipse
804 803 0.0 0.0 ellipse
805 804 0.0 0.0 ellipse
806 805 0.0 0.0 ellipse
807 806 0.0 0.0 ellipse
808 807 0.0 0.0 ellipse
809 808 0.0 0.0 ellipse
810 809 0.0 0.0 ellipse
811 810 0.0 0.0 ellipse
812 811 0.0 0.0 ellipse
813 812 0.0 0.0 ellipse
814 813 0.0 0.0 ellipse
815 814 0.0 0.0 ellipse
816 815 0.0 0.0 ellipse
817 816 0.0 0.0 ellipse
818 817 0.0 0.0 ellipse
819 818 0.0 0.0 ellipse
820 819 0.0 0.0 ellipse
821 820 0.0 0.0 ellipse
822 821 0.0 0.0 ellipse
823 822 0.0 0.0 ellipse
824 823 0.0 0.0 ellipse
825 824 0.0 0.0 ellipse
826 825 0.0 0.0 ellipse
827 826 0.0 0.0 ellipse
828 827 0.0 0.0 ellipse
829 828 0.0 0.0 ellipse
830 829 0.0 0.0 ellipse
831 830 0.0 0.0 ellipse
832 831 0.0 0.0 ellipse
833 832 0.0 0.0 ellipse
834 833 0.0 0.0 ellipse
835 834 0.0 0.0 ellipse
836 835 0.0 0.0 ellipse
837 836 0.0 0.0 ellipse
838 837 0.0 0.0 ellipse
839 838 0.0 0.0 ellipse
840 839 0.0 0.0 ellipse
841 840 0.0 0.0 ellipse
842 841 0.0 0.0 ellipse
843 842 0.0 0.0 ellipse
844 843 0.0 0.0 ellipse
845 844 0.0 0.0 ellipse
846 845 0.0 0.0 ellipse
847 846 0.0 0.0 ellipse
848 847 0.0 0.0 ellipse
849 848 0.0 0.0 ellipse
850 849 0.0 0.0 ellipse
851 850 0.0 0.0 ellipse
852 851 0.0 0.0 ellipse
853 852 0.0 0.0 ellipse
854 853 0.0 0.0 ellipse
855 854 0.0 0.0 ellipse
856 855 0.0 0.0 ellipse
857 856 0.0 0.0 ellipse
858 857 0.0 0.0 ellipse
859 858 0.0 0.0 ellipse
860 859 0.0 0.0 ellipse
861 860 0.0 0.0 ellipse
862 861 0.0 0.0 ellipse
863 862 0.0 0.0 ellipse
864 863 0.0 0.0 ellipse
865 864 0.0 0.0 ellipse
866 865 0.0 0.0 ellipse
867 866 0.0 0.0 ellipse
868 867 0.0 0.0 ellipse
869 868 0.0 0.0 ellipse
870 869 0.0 0.0 ellipse
871 870 0.0 0.0 ellipse
872 871 0.0 0.0 ellipse
873 872 0.0 0.0 ellipse
874 873 0.0 0.0 ellipse
875 874 0.0 0.0 ellipse
876 875 0.0 0.0 ellipse
877 876 0.0 0.0 ellipse
878 877 0.0 0.0 ellipse
879 878 0.0 0.0 ellipse
880 879 0.0 0.0 ellipse
881 880 0.0 0.0 ellipse
882 881 0.0 0.0 ellipse
883 882 0.0 0.0 ellipse
884 883 0.0 0.0 ellipse
885 884 0.0 0.0 ellipse
886 885 0.0 0.0 ellipse
887 886 0.0 0.0 ellipse
888 887 0.0 0.0 ellipse
889 888 0.0 0.0 ellipse
890 889 0.0 0.0 ellipse
891 890 0.0 0.0 ellipse
892 891 0.0 0.0 ellipse
893 892 0.0 0.0 ellipse
894 893 0.0 0.0 ellipse
895 894 0.0 0.0 ellipse
896 895 0.0 0.0 ellipse
897 896 0.0 0.0 ellipse
898 897 0.0 0.0 ellipse
899 898 0.0 0.0 ellipse
900 899 0.0 0.0 ellipse
901 900 0.0 0.0 ellipse
902 901 0.0 0.0 ellipse
903 902 0.0 0.0 ellipse
904 903 0.0 0.0 ellipse
905 904 0.0 0.0 ellipse
906 905 0.0 0.0 ellipse
907 906 0.0 0.0 ellipse
908 907 0.0 0.0 ellipse
909 908 0.0 0.0 ellipse
910 909 0.0 0.0 ellipse
911 910 0.0 0.0 ellipse
912 911 0.0 0.0 ellipse
913 912 0.0 0.0 ellipse
914 913 0.0 0.0 ellipse
915 914 0.0 0.0 ellipse
916 915 0.0 0.0 ellipse
917 916 0.0 0.0 ellipse
918 917 0.0 0.0 ellipse
919 918 0.0 0.0 ellipse
920 919 0.0 0.0 ellipse
921 920 0.0 0.0 ellipse
922 921 0.0 0.0 ellipse
923 922 0.0 0.0 ellipse
924 923 0.0 0.0 ellipse
925 924 0.0 0.0 ellipse
926 925 0.0 0.0 ellipse
927 926 0.0 0.0 ellipse
928 927 0.0 0.0 ellipse
929 928 0.0 0.0 ellipse
930 929 0.0 0.0 ellipse
931 930 0.0 0.0 ellipse
932 931 0.0 0.0 ellipse
933 932 0.0 0.0 ellipse
934 933 0.0 0.0 ellipse
935 934 0.0 0.0 ellipse
936 935 0.0 0.0 ellipse
937 936 0.0 0.0 ellipse
938 937 0.0 0.0 ellipse
939 938 0.0 0.0 ellipse
940 939 0.0 0.0 ellipse
941 940 0.0 0.0 ellipse
942 941 0.0 0.0 ellipse
943 942 0.0 0.0 ellipse
944 943 0.0 0.0 ellipse
945 944 0.0 0.0 ellipse
946 945 0.0 0.0 ellipse
947 946 0.0 0.0 ellipse
948 947 0.0 0.0 ellipse
949 948 0.0 0.0 ellipse
950 949 0.0 0.0 ellipse
951 950 0.0 0.0 ellipse
952 951 0.0 0.0 ellipse
953 952 0.0 0.0 ellipse
954 953 0.0 0.0 ellipse
955 954 0.0 0.0 ellipse
956 955 0.0 0.0 ellipse
957 956 0.0 0.0 ellipse
958 957 0.0 0.0 ellipse
959 958 0.0 0.0 ellipse
960 959 0.0 0.0 ellipse
961 960 0.0 0.0 ellipse
962 961 0.0 0.0 ellipse
963 962 0.0 0.0 ellipse
964 963 0.0 0.0 ellipse
965 964 0.0 0.0 ellipse
966 965 0.0 0.0 ellipse
967 966 0.0 0.0 ellipse
968 967 0.0 0.0 ellipse
969 968 0.0 0.0 ellipse
970 969 0.0 0.0 ellipse
971 970 0.0 0.0 ellipse
972 971 0.0 0.0 ellipse
973 972 0.0 0.0 ellipse
974 973 0.0 0.0 ellipse
975 974 0.0 0.0 ellipse
976 975 0.0 0.0 ellipse
977 976 0.0 0.0 ellipse
978 977 0.0 0.0 ellipse
979 978 0.0 0.0 ellipse
980 979 0.0 0.0 ellipse
981 980 0.0 0.0 ellipse
982 981 0.0 0.0 ellipse
983 982 0.0 0.0 ellipse
984 983 0.0 0.0 ellipse
985 984 0.0 0.0 ellipse
986 985 0.0 0.0 ellipse
987 986 0.0 0.0 ellipse
988 987 0.0 0.0 ellipse
989 988 0.0 0.0 ellipse
990 989 0.0 0.0 ellipse
991 990 0.0 0.0 ellipse
992 991 0.0 0.0 ellipse
993 992 0.0 0.0 ellipse
994 993 0.0 0.0 ellipse
995 994 0.0 0.0 ellipse
996 995 0.0 0.0 ellipse
997 996 0.0 0.0 ellipse
998 997 0.0 0.0 ellipse
999 998 0.0 0.0 ellipse
1000 999 0.0 0.0 ellipse
*edges
1 83 1.0
1 224 1.0
1 14 1.0
1 29 1.0
2 172 1.0
2 953 1.0
2 560 1.0
2 366 1.0
2 341 1.0
2 247 1.0
2 692 1.0
2 186 1.0
3 553 1.0
3 949 1.0
3 536 1.0
3 160 1.0
4 411 1.0
4 911 1.0
4 767 1.0
4 148 1.0
5 739 1.0
5 214 1.0
5 710 1.0
6 840 1.0
6 641 1.0
7 558 1.0
7 166 1.0
7 97 1.0
7 220 1.0
9 610 1.0
9 545 1.0
9 974 1.0
9 471 1.0
9 577 1.0
9 595 1.0
10 901 1.0
10 832 1.0
10 438 1.0
10 247 1.0
11 610 1.0
11 305 1.0
11 808 1.0
11 90 1.0
11 231 1.0
11 401 1.0
11 383 1.0
13 73 1.0
13 423 1.0
13 685 1.0
13 599 1.0
14 634 1.0
14 454 1.0
14 528 1.0
14 324 1.0
14 195 1.0
15 517 1.0
16 809 1.0
16 138 1.0
16 414 1.0
16 51 1.0
16 832 1.0
16 481 1.0
16 297 1.0
16 285 1.0
17 708 1.0
17 817 1.0
17 106 1.0
17 90 1.0
17 881 1.0
17 223 1.0
18 35 1.0
18 630 1.0
19 141 1.0
19 432 1.0
19 637 1.0
20 205 1.0
20 161 1.0
20 392 1.0
21 374 1.0
21 250 1.0
21 128 1.0
21 397 1.0
21 85 1.0
21 634 1.0
21 940 1.0
22 751 1.0
22 78 1.0
22 408 1.0
23 567 1.0
23 898 1.0
23 172 1.0
23 184 1.0
23 553 1.0
24 279 1.0
24 222 1.0
25 349 1.0
25 821 1.0
25 182 1.0
25 872 1.0
25 344 1.0
25 505 1.0
25 758 1.0
26 921 1.0
26 470 1.0
26 834 1.0
27 187 1.0
27 439 1.0
27 237 1.0
27 387 1.0
28 124 1.0
28 629 1.0
28 663 1.0
28 614 1.0
28 807 1.0
28 42 1.0
28 196 1.0
28 537 1.0
28 642 1.0
29 72 1.0
29 121 1.0
29 206 1.0
29 464 1.0
29 37 1.0
29 479 1.0
30 660 1.0
30 115 1.0
30 777 1.0
30 579 1.0
30 366 1.0
30 283 1.0
31 168 1.0
31 1000 1.0
32 414 1.0
32 709 1.0
32 732 1.0
33 589 1.0
33 836 1.0
33 751 1.0
33 132 1.0
34 653 1.0
34 298 1.0
34 581 1.0
34 255 1.0
34 557 1.0
34 947 1.0
34 484 1.0
34 264 1.0
34 58 1.0
34 737 1.0
35 305 1.0
35 907 1.0
35 213 1.0
35 983 1.0
36 812 1.0
36 503 1.0
36 220 1.0
36 725 1.0
36 991 1.0
36 187 1.0
37 450 1.0
37 210 1.0
37 984 1.0
38 325 1.0
38 60 1.0
39 910 1.0
39 717 1.0
40 723 1.0
40 334 1.0
40 869 1.0
41 291 1.0
41 710 1.0
41 995 1.0
41 588 1.0
42 922 1.0
42 657 1.0
43 748 1.0
43 309 1.0
43 652 1.0
43 908 1.0
44 678 1.0
44 45 1.0
44 414 1.0
44 763 1.0
44 52 1.0
45 864 1.0
45 72 1.0
45 416 1.0
45 557 1.0
46 228 1.0
46 415 1.0
46 819 1.0
46 327 1.0
46 571 1.0
47 456 1.0
48 297 1.0
48 495 1.0
50 55 1.0
50 805 1.0
50 800 1.0
50 914 1.0
51 183 1.0
51 343 1.0
51 822 1.0
51 203 1.0
51 361 1.0
53 308 1.0
53 494 1.0
54 839 1.0
54 563 1.0
54 129 1.0
55 895 1.0
56 992 1.0
56 682 1.0
56 374 1.0
56 404 1.0
56 113 1.0
57 905 1.0
57 812 1.0
57 811 1.0
58 966 1.0
58 364 1.0
58 504 1.0
58 136 1.0
58 142 1.0
58 120 1.0
59 276 1.0
59 290 1.0
59 277 1.0
59 273 1.0
60 518 1.0
60 395 1.0
61 271 1.0
61 797 1.0
61 434 1.0
61 561 1.0
61 634 1.0
62 278 1.0
63 474 1.0
63 575 1.0
63 121 1.0
64 259 1.0
64 349 1.0
65 175 1.0
65 92 1.0
65 772 1.0
65 404 1.0
66 708 1.0
67 389 1.0
67 586 1.0
67 94 1.0
68 595 1.0
68 329 1.0
68 654 1.0
69 799 1.0
69 429 1.0
69 501 1.0
70 466 1.0
70 656 1.0
71 969 1.0
71 618 1.0
71 130 1.0
71 225 1.0
72 185 1.0
72 645 1.0
73 594 1.0
73 516 1.0
73 372 1.0
74 384 1.0
74 207 1.0
74 478 1.0
74 788 1.0
74 962 1.0
74 323 1.0
75 428 1.0
75 321 1.0
75 749 1.0
76 863 1.0
76 534 1.0
76 985 1.0
76 623 1.0
76 372 1.0
77 255 1.0
77 625 1.0
77 120 1.0
77 265 1.0
77 699 1.0
77 677 1.0
78 621 1.0
78 894 1.0
78 582 1.0
79 413 1.0
79 222 1.0
79 797 1.0
79 470 1.0
79 315 1.0
79 564 1.0
79 323 1.0
79 852 1.0
80 99 1.0
80 774 1.0
80 941 1.0
80 470 1.0
80 633 1.0
80 731 1.0
81 467 1.0
82 340 1.0
82 648 1.0
82 995 1.0
83 384 1.0
83 600 1.0
83 106 1.0
83 722 1.0
84 534 1.0
84 508 1.0
84 759 1.0
84 339 1.0
84 298 1.0
85 928 1.0
85 806 1.0
85 733 1.0
85 547 1.0
85 695 1.0
86 601 1.0
87 668 1.0
87 262 1.0
87 310 1.0
87 939 1.0
88 393 1.0
88 900 1.0
88 998 1.0
88 890 1.0
89 707 1.0
89 744 1.0
89 296 1.0
89 596 1.0
91 135 1.0
91 179 1.0
91 151 1.0
91 728 1.0
91 331 1.0
92 574 1.0
92 335 1.0
92 660 1.0
92 351 1.0
92 989 1.0
92 870 1.0
93 366 1.0
93 722 1.0
93 505 1.0
93 674 1.0
93 951 1.0
94 857 1.0
94 732 1.0
94 142 1.0
94 97 1.0
95 262 1.0
96 951 1.0
96 226 1.0
96 387 1.0
96 685 1.0
96 652 1.0
96 839 1.0
97 166 1.0
97 532 1.0
97 343 1.0
98 618 1.0
98 315 1.0
98 151 1.0
98 584 1.0
99 118 1.0
99 286 1.0
100 120 1.0
100 439 1.0
100 492 1.0
100 722 1.0
100 367 1.0
100 309 1.0
100 737 1.0
101 973 1.0
101 388 1.0
101 114 1.0
101 1000 1.0
101 886 1.0
102 187 1.0
102 954 1.0
103 824 1.0
104 518 1.0
104 313 1.0
105 901 1.0
105 739 1.0
106 836 1.0
106 797 1.0
106 756 1.0
106 258 1.0
106 424 1.0
106 211 1.0
107 870 1.0
107 984 1.0
107 116 1.0
108 842 1.0
108 989 1.0
108 920 1.0
108 901 1.0
108 886 1.0
109 759 1.0
109 820 1.0
109 805 1.0
109 126 1.0
109 448 1.0
110 816 1.0
110 318 1.0
110 211 1.0
111 856 1.0
111 343 1.0
111 379 1.0
112 645 1.0
112 392 1.0
112 421 1.0
112 533 1.0
112 173 1.0
113 752 1.0
113 220 1.0
113 944 1.0
113 971 1.0
114 546 1.0
114 1000 1.0
114 151 1.0
115 262 1.0
115 394 1.0
115 149 1.0
115 219 1.0
115 779 1.0
115 684 1.0
116 698 1.0
116 413 1.0
116 623 1.0
116 480 1.0
116 344 1.0
117 176 1.0
117 255 1.0
117 639 1.0
118 154 1.0
118 436 1.0
119 264 1.0
119 900 1.0
119 857 1.0
119 587 1.0
120 943 1.0
120 864 1.0
120 974 1.0
121 321 1.0
121 865 1.0
121 632 1.0
121 166 1.0
121 950 1.0
121 129 1.0
122 789 1.0
122 820 1.0
122 974 1.0
122 568 1.0
122 397 1.0
122 142 1.0
122 743 1.0
123 514 1.0
124 582 1.0
124 271 1.0
124 632 1.0
124 772 1.0
124 973 1.0
124 517 1.0
125 315 1.0
125 341 1.0
125 301 1.0
125 165 1.0
125 940 1.0
125 417 1.0
126 492 1.0
126 486 1.0
126 731 1.0
127 706 1.0
127 937 1.0
127 403 1.0
128 166 1.0
128 778 1.0
128 528 1.0
128 997 1.0
128 151 1.0
129 604 1.0
129 650 1.0
129 921 1.0
130 981 1.0
130 649 1.0
130 315 1.0
131 625 1.0
131 751 1.0
131 388 1.0
132 327 1.0
133 935 1.0
133 685 1.0
133 442 1.0
133 541 1.0
133 683 1.0
133 232 1.0
134 177 1.0
134 881 1.0
134 972 1.0
134 406 1.0
134 749 1.0
135 256 1.0
135 503 1.0
135 302 1.0
136 622 1.0
136 191 1.0
137 925 1.0
137 544 1.0
137 343 1.0
137 778 1.0
138 674 1.0
138 237 1.0
138 824 1.0
138 501 1.0
138 570 1.0
138 730 1.0
139 473 1.0
139 194 1.0
139 477 1.0
139 735 1.0
139 199 1.0
139 822 1.0
140 901 1.0
140 575 1.0
140 777 1.0
140 986 1.0
141 908 1.0
141 278 1.0
142 770 1.0
142 880 1.0
142 563 1.0
142 271 1.0
143 656 1.0
143 341 1.0
143 872 1.0
143 631 1.0
143 252 1.0
143 249 1.0
144 909 1.0
144 369 1.0
144 901 1.0
144 185 1.0
145 481 1.0
145 601 1.0
145 197 1.0
145 732 1.0
145 628 1.0
145 706 1.0
146 846 1.0
146 412 1.0
146 820 1.0
146 851 1.0
147 304 1.0
147 522 1.0
147 697 1.0
147 185 1.0
147 642 1.0
148 742 1.0
148 159 1.0
148 593 1.0
149 961 1.0
149 438 1.0
149 688 1.0
149 847 1.0
149 691 1.0
149 225 1.0
150 336 1.0
150 549 1.0
150 373 1.0
150 718 1.0
150 477 1.0
150 874 1.0
150 184 1.0
151 392 1.0
151 385 1.0
151 945 1.0
152 713 1.0
152 300 1.0
152 205 1.0
153 684 1.0
153 787 1.0
153 470 1.0
153 705 1.0
153 254 1.0
153 889 1.0
154 374 1.0
155 506 1.0
156 983 1.0
156 487 1.0
156 691 1.0
157 767 1.0
158 685 1.0
158 292 1.0
158 748 1.0
158 610 1.0
158 948 1.0
159 418 1.0
159 742 1.0
159 883 1.0
159 178 1.0
159 641 1.0
160 648 1.0
160 576 1.0
160 514 1.0
161 229 1.0
161 893 1.0
162 677 1.0
162 222 1.0
162 981 1.0
162 538 1.0
162 655 1.0
162 980 1.0
163 981 1.0
164 462 1.0
164 986 1.0
164 578 1.0
164 559 1.0
166 699 1.0
166 430 1.0
166 480 1.0
168 950 1.0
168 817 1.0
168 725 1.0
169 888 1.0
169 626 1.0
169 862 1.0
169 523 1.0
169 986 1.0
169 919 1.0
170 650 1.0
170 409 1.0
171 812 1.0
171 893 1.0
172 787 1.0
172 915 1.0
172 553 1.0
172 189 1.0
172 773 1.0
172 241 1.0
172 675 1.0
172 848 1.0
172 986 1.0
173 538 1.0
173 620 1.0
173 241 1.0
173 935 1.0
174 791 1.0
174 784 1.0
174 408 1.0
174 479 1.0
174 789 1.0
175 527 1.0
175 616 1.0
175 540 1.0
176 979 1.0
176 483 1.0
176 556 1.0
176 791 1.0
176 908 1.0
176 197 1.0
177 319 1.0
177 804 1.0
177 486 1.0
177 516 1.0
178 419 1.0
178 712 1.0
178 627 1.0
179 461 1.0
179 680 1.0
179 404 1.0
179 963 1.0
179 848 1.0
179 309 1.0
180 191 1.0
180 855 1.0
180 382 1.0
180 197 1.0
181 656 1.0
182 556 1.0
183 399 1.0
183 446 1.0
183 321 1.0
183 890 1.0
183 542 1.0
183 345 1.0
185 605 1.0
186 633 1.0
186 692 1.0
186 722 1.0
186 752 1.0
186 338 1.0
187 270 1.0
187 574 1.0
187 991 1.0
187 249 1.0
187 505 1.0
188 984 1.0
188 287 1.0
189 567 1.0
189 875 1.0
190 346 1.0
191 660 1.0
191 288 1.0
191 767 1.0
192 616 1.0
192 551 1.0
192 442 1.0
192 264 1.0
192 491 1.0
193 217 1.0
193 520 1.0
194 991 1.0
194 430 1.0
194 319 1.0
194 381 1.0
194 296 1.0
195 871 1.0
195 573 1.0
195 258 1.0
195 923 1.0
195 722 1.0
196 723 1.0
196 501 1.0
196 774 1.0
196 798 1.0
196 606 1.0
196 526 1.0
196 762 1.0
197 204 1.0
197 652 1.0
198 396 1.0
198 897 1.0
198 233 1.0
198 960 1.0
198 759 1.0
199 973 1.0
199 697 1.0
199 667 1.0
199 475 1.0
200 720 1.0
200 744 1.0
201 699 1.0
201 778 1.0
201 424 1.0
201 880 1.0
201 563 1.0
201 751 1.0
202 285 1.0
202 352 1.0
202 505 1.0
202 685 1.0
203 703 1.0
203 430 1.0
203 858 1.0
203 939 1.0
203 916 1.0
203 900 1.0
203 590 1.0
203 578 1.0
203 831 1.0
204 721 1.0
204 355 1.0
205 778 1.0
205 819 1.0
205 267 1.0
205 664 1.0
206 941 1.0
206 627 1.0
207 567 1.0
207 901 1.0
207 224 1.0
207 698 1.0
208 947 1.0
208 497 1.0
208 900 1.0
208 272 1.0
209 484 1.0
209 859 1.0
209 866 1.0
209 487 1.0
209 499 1.0
210 774 1.0
211 922 1.0
211 403 1.0
212 691 1.0
212 989 1.0
212 876 1.0
213 919 1.0
213 639 1.0
213 661 1.0
213 891 1.0
214 386 1.0
214 909 1.0
214 567 1.0
215 744 1.0
215 705 1.0
215 658 1.0
215 570 1.0
215 915 1.0
215 919 1.0
216 774 1.0
216 267 1.0
216 880 1.0
217 341 1.0
217 653 1.0
217 466 1.0
218 380 1.0
218 628 1.0
219 751 1.0
220 528 1.0
220 324 1.0
220 910 1.0
220 986 1.0
221 630 1.0
221 272 1.0
221 285 1.0
221 752 1.0
221 856 1.0
222 719 1.0
222 993 1.0
222 613 1.0
223 293 1.0
223 387 1.0
223 316 1.0
223 992 1.0
224 910 1.0
224 416 1.0
224 987 1.0
224 274 1.0
225 922 1.0
225 514 1.0
225 593 1.0
226 636 1.0
226 829 1.0
227 276 1.0
227 786 1.0
227 588 1.0
229 870 1.0
230 327 1.0
231 901 1.0
231 423 1.0
231 692 1.0
232 393 1.0
233 617 1.0
233 479 1.0
233 807 1.0
234 682 1.0
234 991 1.0
234 321 1.0
234 250 1.0
235 494 1.0
236 251 1.0
236 917 1.0
236 360 1.0
236 254 1.0
236 866 1.0
236 315 1.0
237 710 1.0
237 352 1.0
237 564 1.0
238 912 1.0
239 767 1.0
240 467 1.0
240 615 1.0
241 498 1.0
241 644 1.0
242 660 1.0
244 666 1.0
245 251 1.0
245 275 1.0
245 663 1.0
246 416 1.0
246 925 1.0
246 932 1.0
246 641 1.0
246 703 1.0
247 368 1.0
248 393 1.0
248 297 1.0
248 448 1.0
248 946 1.0
249 784 1.0
249 938 1.0
249 870 1.0
249 615 1.0
250 962 1.0
250 530 1.0
250 256 1.0
250 855 1.0
251 513 1.0
251 877 1.0
252 496 1.0
252 774 1.0
252 395 1.0
253 670 1.0
253 407 1.0
254 613 1.0
254 740 1.0
254 638 1.0
254 819 1.0
255 826 1.0
255 863 1.0
256 410 1.0
257 989 1.0
258 365 1.0
258 259 1.0
258 324 1.0
258 290 1.0
259 841 1.0
259 572 1.0
260 683 1.0
261 461 1.0
261 755 1.0
261 839 1.0
261 809 1.0
262 510 1.0
262 844 1.0
263 659 1.0
263 643 1.0
263 469 1.0
263 716 1.0
263 502 1.0
264 634 1.0
264 952 1.0
265 971 1.0
265 339 1.0
265 760 1.0
266 674 1.0
266 493 1.0
266 962 1.0
266 325 1.0
266 457 1.0
267 819 1.0
267 945 1.0
267 992 1.0
268 328 1.0
269 506 1.0
269 805 1.0
270 858 1.0
270 614 1.0
270 442 1.0
271 449 1.0
271 855 1.0
271 339 1.0
271 871 1.0
272 345 1.0
273 929 1.0
273 928 1.0
274 498 1.0
274 954 1.0
277 561 1.0
278 821 1.0
278 378 1.0
278 957 1.0
278 830 1.0
278 439 1.0
278 329 1.0
278 470 1.0
279 640 1.0
279 975 1.0
280 480 1.0
280 466 1.0
281 877 1.0
281 297 1.0
281 617 1.0
281 487 1.0
282 785 1.0
282 946 1.0
282 969 1.0
283 778 1.0
283 719 1.0
283 449 1.0
283 364 1.0
284 960 1.0
284 618 1.0
284 586 1.0
284 596 1.0
284 793 1.0
285 466 1.0
285 965 1.0
285 964 1.0
286 687 1.0
286 391 1.0
286 392 1.0
286 418 1.0
287 628 1.0
288 506 1.0
289 353 1.0
289 530 1.0
289 983 1.0
289 483 1.0
290 857 1.0
290 761 1.0
291 623 1.0
291 815 1.0
292 508 1.0
293 920 1.0
293 309 1.0
293 415 1.0
294 686 1.0
294 554 1.0
294 516 1.0
294 336 1.0
295 952 1.0
296 935 1.0
297 560 1.0
297 576 1.0
297 689 1.0
297 930 1.0
298 650 1.0
298 709 1.0
299 744 1.0
299 844 1.0
299 658 1.0
300 489 1.0
300 569 1.0
301 476 1.0
301 398 1.0
301 656 1.0
302 310 1.0
302 571 1.0
303 910 1.0
303 495 1.0
303 967 1.0
304 655 1.0
305 984 1.0
305 329 1.0
306 529 1.0
306 897 1.0
307 428 1.0
307 714 1.0
308 393 1.0
308 614 1.0
309 541 1.0
309 756 1.0
309 429 1.0
310 439 1.0
310 695 1.0
310 585 1.0
311 653 1.0
311 312 1.0
311 998 1.0
313 394 1.0
313 951 1.0
313 818 1.0
313 566 1.0
314 496 1.0
314 758 1.0
315 991 1.0
316 380 1.0
316 865 1.0
316 940 1.0
317 440 1.0
318 954 1.0
318 355 1.0
318 702 1.0
319 876 1.0
319 610 1.0
321 723 1.0
322 632 1.0
322 939 1.0
322 410 1.0
322 757 1.0
323 971 1.0
324 895 1.0
324 371 1.0
324 674 1.0
324 879 1.0
324 631 1.0
325 802 1.0
326 410 1.0
327 621 1.0
327 419 1.0
328 871 1.0
328 584 1.0
328 503 1.0
330 822 1.0
330 379 1.0
330 388 1.0
331 468 1.0
331 794 1.0
332 652 1.0
332 496 1.0
332 685 1.0
332 749 1.0
332 713 1.0
332 914 1.0
333 585 1.0
334 983 1.0
334 821 1.0
334 574 1.0
334 479 1.0
335 532 1.0
335 707 1.0
335 928 1.0
335 628 1.0
336 419 1.0
336 534 1.0
338 455 1.0
338 977 1.0
338 371 1.0
339 577 1.0
339 737 1.0
339 789 1.0
339 897 1.0
340 462 1.0
340 980 1.0
341 867 1.0
341 959 1.0
341 692 1.0
342 415 1.0
342 928 1.0
343 511 1.0
343 442 1.0
343 772 1.0
343 863 1.0
344 827 1.0
345 645 1.0
345 619 1.0
346 825 1.0
346 605 1.0
346 856 1.0
347 646 1.0
348 851 1.0
348 583 1.0
348 982 1.0
348 365 1.0
349 666 1.0
349 482 1.0
349 873 1.0
349 457 1.0
350 678 1.0
350 408 1.0
350 661 1.0
350 541 1.0
350 522 1.0
353 633 1.0
353 609 1.0
353 659 1.0
353 455 1.0
354 962 1.0
354 758 1.0
354 662 1.0
354 826 1.0
354 653 1.0
354 473 1.0
354 609 1.0
355 923 1.0
356 725 1.0
356 551 1.0
356 805 1.0
356 600 1.0
356 443 1.0
357 712 1.0
357 408 1.0
358 941 1.0
358 613 1.0
359 883 1.0
359 566 1.0
360 697 1.0
360 524 1.0
360 427 1.0
360 484 1.0
361 967 1.0
361 478 1.0
362 393 1.0
362 839 1.0
362 514 1.0
363 846 1.0
363 819 1.0
363 485 1.0
363 962 1.0
363 373 1.0
363 402 1.0
365 771 1.0
365 865 1.0
365 391 1.0
365 732 1.0
365 593 1.0
365 590 1.0
366 617 1.0
367 684 1.0
367 428 1.0
367 860 1.0
368 626 1.0
368 422 1.0
368 416 1.0
368 580 1.0
369 471 1.0
370 589 1.0
371 791 1.0
371 742 1.0
371 614 1.0
371 947 1.0
371 514 1.0
371 668 1.0
372 672 1.0
372 584 1.0
373 925 1.0
373 635 1.0
373 555 1.0
373 643 1.0
374 494 1.0
374 781 1.0
375 882 1.0
375 876 1.0
375 388 1.0
375 445 1.0
377 544 1.0
378 805 1.0
378 615 1.0
378 534 1.0
378 906 1.0
379 949 1.0
379 495 1.0
379 391 1.0
380 504 1.0
380 674 1.0
381 505 1.0
381 440 1.0
381 758 1.0
383 979 1.0
383 921 1.0
383 901 1.0
383 982 1.0
383 773 1.0
384 619 1.0
384 389 1.0
386 655 1.0
386 760 1.0
387 596 1.0
387 758 1.0
387 891 1.0
387 395 1.0
388 393 1.0
389 956 1.0
389 568 1.0
389 454 1.0
389 699 1.0
390 802 1.0
390 718 1.0
391 930 1.0
391 935 1.0
391 628 1.0
391 509 1.0
392 561 1.0
392 638 1.0
392 801 1.0
392 584 1.0
393 753 1.0
393 627 1.0
395 879 1.0
395 398 1.0
395 396 1.0
396 897 1.0
396 959 1.0
398 553 1.0
399 577 1.0
400 512 1.0
400 808 1.0
400 440 1.0
400 475 1.0
400 415 1.0
401 553 1.0
401 433 1.0
401 647 1.0
401 856 1.0
402 942 1.0
402 859 1.0
402 729 1.0
403 635 1.0
403 780 1.0
404 701 1.0
406 785 1.0
406 448 1.0
406 564 1.0
407 488 1.0
408 626 1.0
409 782 1.0
409 551 1.0
409 780 1.0
410 905 1.0
410 977 1.0
410 974 1.0
412 463 1.0
412 711 1.0
413 979 1.0
413 592 1.0
413 680 1.0
414 531 1.0
414 490 1.0
415 594 1.0
416 586 1.0
416 699 1.0
417 834 1.0
417 783 1.0
417 983 1.0
417 982 1.0
417 751 1.0
417 981 1.0
418 478 1.0
419 675 1.0
419 705 1.0
419 575 1.0
421 841 1.0
421 510 1.0
422 683 1.0
422 434 1.0
423 585 1.0
423 875 1.0
423 897 1.0
424 514 1.0
425 616 1.0
426 591 1.0
426 594 1.0
426 595 1.0
427 849 1.0
427 511 1.0
427 880 1.0
427 965 1.0
428 732 1.0
428 886 1.0
428 632 1.0
428 440 1.0
429 450 1.0
429 458 1.0
429 676 1.0
430 787 1.0
430 676 1.0
430 481 1.0
431 475 1.0
431 649 1.0
432 662 1.0
433 994 1.0
433 553 1.0
434 827 1.0
436 811 1.0
437 581 1.0
437 900 1.0
437 593 1.0
437 744 1.0
438 493 1.0
438 508 1.0
439 858 1.0
440 539 1.0
440 812 1.0
440 954 1.0
441 823 1.0
441 957 1.0
441 551 1.0
442 443 1.0
442 754 1.0
442 608 1.0
443 582 1.0
443 525 1.0
443 765 1.0
444 994 1.0
444 532 1.0
444 564 1.0
445 774 1.0
445 628 1.0
445 754 1.0
447 771 1.0
448 831 1.0
451 487 1.0
452 711 1.0
452 614 1.0
452 631 1.0
452 627 1.0
453 544 1.0
453 743 1.0
453 482 1.0
454 886 1.0
454 625 1.0
454 456 1.0
455 836 1.0
456 785 1.0
456 537 1.0
458 772 1.0
458 844 1.0
459 570 1.0
459 754 1.0
459 566 1.0
459 657 1.0
460 765 1.0
460 543 1.0
460 761 1.0
460 673 1.0
460 562 1.0
461 917 1.0
461 492 1.0
461 647 1.0
461 990 1.0
462 643 1.0
463 598 1.0
463 707 1.0
464 788 1.0
464 944 1.0
464 857 1.0
465 499 1.0
465 680 1.0
465 840 1.0
466 975 1.0
467 822 1.0
467 905 1.0
467 911 1.0
467 960 1.0
467 862 1.0
468 825 1.0
468 854 1.0
469 696 1.0
469 826 1.0
469 577 1.0
470 635 1.0
470 928 1.0
470 805 1.0
470 662 1.0
470 721 1.0
471 675 1.0
471 523 1.0
472 700 1.0
472 917 1.0
472 959 1.0
472 739 1.0
472 913 1.0
473 954 1.0
473 737 1.0
474 601 1.0
477 965 1.0
477 981 1.0
477 780 1.0
477 866 1.0
478 758 1.0
479 604 1.0
480 715 1.0
480 847 1.0
480 973 1.0
480 752 1.0
480 680 1.0
481 527 1.0
481 545 1.0
482 569 1.0
482 515 1.0
482 789 1.0
483 495 1.0
483 819 1.0
484 821 1.0
486 874 1.0
487 545 1.0
489 811 1.0
489 523 1.0
489 815 1.0
490 601 1.0
490 623 1.0
490 830 1.0
490 644 1.0
491 793 1.0
492 509 1.0
492 656 1.0
492 756 1.0
493 959 1.0
493 961 1.0
493 652 1.0
493 882 1.0
493 775 1.0
494 553 1.0
496 964 1.0
496 878 1.0
496 679 1.0
496 549 1.0
497 643 1.0
497 921 1.0
498 717 1.0
498 903 1.0
498 567 1.0
499 796 1.0
499 632 1.0
500 706 1.0
500 610 1.0
501 562 1.0
502 606 1.0
502 980 1.0
503 843 1.0
504 797 1.0
504 764 1.0
505 897 1.0
505 568 1.0
505 967 1.0
505 862 1.0
506 678 1.0
506 816 1.0
507 625 1.0
508 993 1.0
508 666 1.0
509 857 1.0
509 665 1.0
510 930 1.0
511 953 1.0
512 829 1.0
512 552 1.0
512 848 1.0
514 955 1.0
514 599 1.0
514 552 1.0
515 800 1.0
515 807 1.0
515 995 1.0
515 564 1.0
516 533 1.0
517 665 1.0
518 733 1.0
518 686 1.0
518 579 1.0
518 602 1.0
519 533 1.0
520 800 1.0
521 927 1.0
521 599 1.0
521 816 1.0
522 623 1.0
524 884 1.0
525 827 1.0
525 710 1.0
526 656 1.0
526 649 1.0
527 556 1.0
527 924 1.0
527 604 1.0
527 845 1.0
528 728 1.0
531 596 1.0
531 722 1.0
532 720 1.0
532 884 1.0
532 689 1.0
532 741 1.0
533 722 1.0
536 692 1.0
537 888 1.0
537 807 1.0
537 835 1.0
537 747 1.0
539 874 1.0
539 704 1.0
539 765 1.0
540 912 1.0
541 919 1.0
542 648 1.0
543 757 1.0
543 750 1.0
544 577 1.0
544 923 1.0
545 950 1.0
546 733 1.0
546 926 1.0
547 884 1.0
548 835 1.0
549 925 1.0
550 752 1.0
550 988 1.0
551 683 1.0
551 601 1.0
552 923 1.0
552 962 1.0
552 583 1.0
554 918 1.0
554 816 1.0
554 574 1.0
555 737 1.0
555 665 1.0
557 846 1.0
558 750 1.0
558 991 1.0
560 561 1.0
560 583 1.0
560 780 1.0
560 950 1.0
561 943 1.0
561 727 1.0
561 730 1.0
561 644 1.0
561 866 1.0
562 571 1.0
562 893 1.0
563 781 1.0
563 733 1.0
563 578 1.0
564 662 1.0
565 642 1.0
567 800 1.0
567 601 1.0
567 684 1.0
567 953 1.0
567 797 1.0
568 667 1.0
568 772 1.0
570 985 1.0
570 886 1.0
570 983 1.0
571 591 1.0
572 858 1.0
573 715 1.0
574 825 1.0
575 676 1.0
575 871 1.0
576 956 1.0
578 678 1.0
579 892 1.0
579 731 1.0
580 714 1.0
581 665 1.0
581 708 1.0
582 687 1.0
583 805 1.0
584 649 1.0
584 813 1.0
584 937 1.0
584 846 1.0
584 896 1.0
585 916 1.0
586 598 1.0
586 661 1.0
587 838 1.0
588 834 1.0
589 760 1.0
589 743 1.0
589 873 1.0
590 838 1.0
591 782 1.0
591 979 1.0
592 631 1.0
593 621 1.0
593 762 1.0
595 954 1.0
596 620 1.0
596 719 1.0
597 679 1.0
598 914 1.0
600 822 1.0
600 616 1.0
600 957 1.0
601 901 1.0
601 930 1.0
602 739 1.0
604 877 1.0
604 624 1.0
606 989 1.0
607 774 1.0
609 612 1.0
609 982 1.0
610 972 1.0
610 772 1.0
612 794 1.0
612 821 1.0
612 958 1.0
614 711 1.0
614 869 1.0
615 774 1.0
615 972 1.0
615 779 1.0
615 879 1.0
615 941 1.0
617 921 1.0
617 762 1.0
617 650 1.0
618 971 1.0
618 769 1.0
619 799 1.0
619 843 1.0
621 706 1.0
622 706 1.0
622 945 1.0
623 908 1.0
623 752 1.0
623 659 1.0
624 866 1.0
624 885 1.0
624 748 1.0
625 980 1.0
625 666 1.0
626 749 1.0
627 664 1.0
629 843 1.0
630 755 1.0
630 859 1.0
631 980 1.0
633 779 1.0
634 943 1.0
634 936 1.0
634 804 1.0
635 692 1.0
635 757 1.0
635 959 1.0
637 943 1.0
639 704 1.0
641 897 1.0
642 938 1.0
642 931 1.0
644 915 1.0
644 967 1.0
645 794 1.0
646 855 1.0
647 737 1.0
647 794 1.0
648 743 1.0
648 847 1.0
649 809 1.0
649 833 1.0
649 772 1.0
650 773 1.0
650 686 1.0
650 750 1.0
651 699 1.0
651 761 1.0
652 864 1.0
653 788 1.0
653 990 1.0
654 832 1.0
654 996 1.0
654 717 1.0
656 684 1.0
656 686 1.0
657 893 1.0
657 773 1.0
658 880 1.0
658 778 1.0
659 840 1.0
659 760 1.0
661 777 1.0
661 803 1.0
662 888 1.0
663 736 1.0
663 798 1.0
664 826 1.0
666 924 1.0
666 702 1.0
666 685 1.0
668 969 1.0
668 771 1.0
669 953 1.0
670 892 1.0
670 935 1.0
670 797 1.0
670 856 1.0
671 999 1.0
672 969 1.0
673 967 1.0
673 814 1.0
673 698 1.0
674 992 1.0
674 980 1.0
674 976 1.0
675 712 1.0
675 955 1.0
676 718 1.0
678 817 1.0
678 756 1.0
679 764 1.0
679 927 1.0
679 680 1.0
682 722 1.0
682 975 1.0
682 796 1.0
684 766 1.0
685 933 1.0
685 935 1.0
685 783 1.0
686 994 1.0
687 920 1.0
688 731 1.0
690 988 1.0
691 798 1.0
693 992 1.0
694 840 1.0
695 880 1.0
695 972 1.0
695 783 1.0
697 993 1.0
703 866 1.0
703 893 1.0
704 971 1.0
705 784 1.0
709 764 1.0
709 905 1.0
709 913 1.0
710 986 1.0
710 870 1.0
710 785 1.0
710 989 1.0
711 997 1.0
712 872 1.0
714 850 1.0
715 818 1.0
715 857 1.0
716 889 1.0
717 915 1.0
717 965 1.0
720 798 1.0
720 903 1.0
720 886 1.0
720 758 1.0
721 978 1.0
722 844 1.0
722 939 1.0
723 838 1.0
724 971 1.0
725 939 1.0
727 821 1.0
729 758 1.0
731 858 1.0
735 845 1.0
735 994 1.0
735 912 1.0
735 904 1.0
739 978 1.0
739 961 1.0
740 767 1.0
740 988 1.0
741 858 1.0
742 979 1.0
743 987 1.0
745 957 1.0
745 750 1.0
749 865 1.0
749 776 1.0
750 964 1.0
751 761 1.0
751 951 1.0
751 788 1.0
752 820 1.0
753 948 1.0
753 940 1.0
755 957 1.0
755 885 1.0
757 873 1.0
758 841 1.0
758 859 1.0
760 769 1.0
760 956 1.0
761 787 1.0
762 801 1.0
762 1000 1.0
764 767 1.0
765 829 1.0
766 993 1.0
766 843 1.0
767 957 1.0
767 962 1.0
768 889 1.0
768 859 1.0
768 769 1.0
769 955 1.0
771 974 1.0
771 805 1.0
771 884 1.0
772 887 1.0
773 866 1.0
773 926 1.0
774 816 1.0
774 863 1.0
774 801 1.0
776 977 1.0
777 952 1.0
778 935 1.0
778 967 1.0
779 906 1.0
780 804 1.0
780 866 1.0
782 888 1.0
783 796 1.0
783 938 1.0
784 832 1.0
785 812 1.0
787 902 1.0
787 790 1.0
788 988 1.0
789 965 1.0
789 997 1.0
793 939 1.0
794 796 1.0
794 999 1.0
796 997 1.0
797 812 1.0
803 1000 1.0
805 996 1.0
806 829 1.0
806 999 1.0
806 840 1.0
808 894 1.0
808 937 1.0
810 924 1.0
810 884 1.0
810 862 1.0
812 915 1.0
812 868 1.0
813 915 1.0
814 878 1.0
817 907 1.0
819 888 1.0
821 830 1.0
821 932 1.0
823 865 1.0
825 1000 1.0
829 871 1.0
830 868 1.0
834 944 1.0
837 996 1.0
841 902 1.0
844 948 1.0
846 892 1.0
846 906 1.0
847 993 1.0
850 989 1.0
851 972 1.0
853 950 1.0
855 912 1.0
858 967 1.0
858 955 1.0
861 959 1.0
863 920 1.0
863 902 1.0
867 967 1.0
869 925 1.0
874 916 1.0
878 891 1.0
883 918 1.0
885 985 1.0
886 908 1.0
887 958 1.0
889 939 1.0
890 912 1.0
897 947 1.0
898 929 1.0
899 916 1.0
900 943 1.0
900 960 1.0
901 955 1.0
901 970 1.0
903 940 1.0
906 990 1.0
909 988 1.0
911 995 1.0
918 941 1.0
918 960 1.0
919 989 1.0
925 987 1.0
929 985 1.0
939 988 1.0
942 969 1.0
943 987 1.0
946 951 1.0
954 998 1.0
975 995 1.0
976 977 1.0
981 986 1.0
