*vertices 1000
1 0 0.0 0.0 ellipse
2 1 0.0 0.0 ellipse
3 2 0.0 0.0 ellipse
4 3 0.0 0.0 ellipse
5 4 0.0 0.0 ellipse
6 5 0.0 0.0 ellipse
7 6 0.0 0.0 ellipse
8 7 0.0 0.0 ellipse
9 8 0.0 0.0 ellipse
10 9 0.0 0.0 ellipse
11 10 0.0 0.0 ellipse
12 11 0.0 0.0 ellipse
13 12 0.0 0.0 ellipse
14 13 0.0 0.0 ellipse
15 14 0.0 0.0 ellipse
16 15 0.0 0.0 ellipse
17 16 0.0 0.0 ellipse
18 17 0.0 0.0 ellipse
19 18 0.0 0.0 ellipse
20 19 0.0 0.0 ellipse
21 20 0.0 0.0 ellipse
22 21 0.0 0.0 ellipse
23 22 0.0 0.0 ellipse
24 23 0.0 0.0 ellipse
25 24 0.0 0.0 ellipse
26 25 0.0 0.0 ellipse
27 26 0.0 0.0 ellipse
28 27 0.0 0.0 ellipse
29 28 0.0 0.0 ellipse
30 29 0.0 0.0 ellipse
31 30 0.0 0.0 ellipse
32 31 0.0 0.0 ellipse
33 32 0.0 0.0 ellipse
34 33 0.0 0.0 ellipse
35 34 0.0 0.0 ellipse
36 35 0.0 0.0 ellipse
37 36 0.0 0.0 ellipse
38 37 0.0 0.0 ellipse
39 38 0.0 0.0 ellipse
40 39 0.0 0.0 ellipse
41 40 0.0 0.0 ellipse
42 41 0.0 0.0 ellipse
43 42 0.0 0.0 ellipse
44 43 0.0 0.0 ellipse
45 44 0.0 0.0 ellipse
46 45 0.0 0.0 ellipse
47 46 0.0 0.0 ellipse
48 47 0.0 0.0 ellipse
49 48 0.0 0.0 ellipse
50 49 0.0 0.0 ellipse
51 50 0.0 0.0 ellipse
52 51 0.0 0.0 ellipse
53 52 0.0 0.0 ellipse
54 53 0.0 0.0 ellipse
55 54 0.0 0.0 ellipse
56 55 0.0 0.0 ellipse
57 56 0.0 0.0 ellipse
58 57 0.0 0.0 ellipse
59 58 0.0 0.0 ellipse
60 59 0.0 0.0 ellipse
61 60 0.0 0.0 ellipse
62 61 0.0 0.0 ellipse
63 62 0.0 0.0 ellipse
64 63 0.0 0.0 ellipse
65 64 0.0 0.0 ellipse
66 65 0.0 0.0 ellipse
67 66 0.0 0.0 ellipse
68 67 0.0 0.0 ellipse
69 68 0.0 0.0 ellipse
70 69 0.0 0.0 ellipse
71 70 0.0 0.0 ellipse
72 71 0.0 0.0 ellipse
73 72 0.0 0.0 ellipse
74 73 0.0 0.0 ellipse
75 74 0.0 0.0 ellipse
76 75 0.0 0.0 ellipse
77 76 0.0 0.0 ellipse
78 77 0.0 0.0 ellipse
79 78 0.0 0.0 ellipse
80 79 0.0 0.0 ellipse
81 80 0.0 0.0 ellipse
82 81 0.0 0.0 ellipse
83 82 0.0 0.0 ellipse
84 83 0.0 0.0 ellipse
85 84 0.0 0.0 ellipse
86 85 0.0 0.0 ellipse
87 86 0.0 0.0 ellipse
88 87 0.0 0.0 ellipse
89 88 0.0 0.0 ellipse
90 89 0.0 0.0 ellipse
91 90 0.0 0.0 ellipse
92 91 0.0 0.0 ellipse
93 92 0.0 0.0 ellipse
94 93 0.0 0.0 ellipse
95 94 0.0 0.0 ellipse
96 95 0.0 0.0 ellipse
97 96 0.0 0.0 ellipse
98 97 0.0 0.0 ellipse
99 98 0.0 0.0 ellipse
100 99 0.0 0.0 ellipse
101 100 0.0 0.0 ellipse
102 101 0.0 0.0 ellipse
103 102 0.0 0.0 ellipse
104 103 0.0 0.0 ellipse
105 104 0.0 0.0 ellipse
106 105 0.0 0.0 ellipse
107 106 0.0 0.0 ellipse
108 107 0.0 0.0 ellipse
109 108 0.0 0.0 ellipse
110 109 0.0 0.0 ellipse
111 110 0.0 0.0 ellipse
112 111 0.0 0.0 ellipse
113 112 0.0 0.0 ellipse
114 113 0.0 0.0 ellipse
115 114 0.0 0.0 ellipse
116 115 0.0 0.0 ellipse
117 116 0.0 0.0 ellipse
118 117 0.0 0.0 ellipse
119 118 0.0 0.0 ellipse
120 119 0.0 0.0 ellipse
121 120 0.0 0.0 ellipse
122 121 0.0 0.0 ellipse
123 122 0.0 0.0 ellipse
124 123 0.0 0.0 ellipse
125 124 0.0 0.0 ellipse
126 125 0.0 0.0 ellipse
127 126 0.0 0.0 ellipse
128 127 0.0 0.0 ellipse
129 128 0.0 0.0 ellipse
130 129 0.0 0.0 ellipse
131 130 0.0 0.0 ellipse
132 131 0.0 0.0 ellipse
133 132 0.0 0.0 ellipse
134 133 0.0 0.0 ellipse
135 134 0.0 0.0 ellipse
136 135 0.0 0.0 ellipse
137 136 0.0 0.0 ellipse
138 137 0.0 0.0 ellipse
139 138 0.0 0.0 ellipse
140 139 0.0 0.0 ellipse
141 140 0.0 0.0 ellipse
142 141 0.0 0.0 ellipse
143 142 0.0 0.0 ellipse
144 143 0.0 0.0 ellipse
145 144 0.0 0.0 ellipse
146 145 0.0 0.0 ellipse
147 146 0.0 0.0 ellipse
148 147 0.0 0.0 ellipse
149 148 0.0 0.0 ellipse
150 149 0.0 0.0 ellipse
151 150 0.0 0.0 ellipse
152 151 0.0 0.0 ellipse
153 152 0.0 0.0 ellipse
154 153 0.0 0.0 ellipse
155 154 0.0 0.0 ellipse
156 155 0.0 0.0 ellipse
157 156 0.0 0.0 ellipse
158 157 0.0 0.0 ellipse
159 158 0.0 0.0 ellipse
160 159 0.0 0.0 ellipse
161 160 0.0 0.0 ellipse
162 161 0.0 0.0 ellipse
163 162 0.0 0.0 ellipse
164 163 0.0 0.0 ellipse
165 164 0.0 0.0 ellipse
166 165 0.0 0.0 ellipse
167 166 0.0 0.0 ellipse
168 167 0.0 0.0 ellipse
169 168 0.0 0.0 ellipse
170 169 0.0 0.0 ellipse
171 170 0.0 0.0 ellipse
172 171 0.0 0.0 ellipse
173 172 0.0 0.0 ellipse
174 173 0.0 0.0 ellipse
175 174 0.0 0.0 ellipse
176 175 0.0 0.0 ellipse
177 176 0.0 0.0 ellipse
178 177 0.0 0.0 ellipse
179 178 0.0 0.0 ellipse
180 179 0.0 0.0 ellipse
181 180 0.0 0.0 ellipse
182 181 0.0 0.0 ellipse
183 182 0.0 0.0 ellipse
184 183 0.0 0.0 ellipse
185 184 0.0 0.0 ellipse
186 185 0.0 0.0 ellipse
187 186 0.0 0.0 ellipse
188 187 0.0 0.0 ellipse
189 188 0.0 0.0 ellipse
190 189 0.0 0.0 ellipse
191 190 0.0 0.0 ellipse
192 191 0.0 0.0 ellipse
193 192 0.0 0.0 ellipse
194 193 0.0 0.0 ellipse
195 194 0.0 0.0 ellipse
196 195 0.0 0.0 ellipse
197 196 0.0 0.0 ellipse
198 197 0.0 0.0 ellipse
199 198 0.0 0.0 ellipse
200 199 0.0 0.0 ellipse
201 200 0.0 0.0 ellipse
202 201 0.0 0.0 ellipse
203 202 0.0 0.0 ellipse
204 203 0.0 0.0 ellipse
205 204 0.0 0.0 ellipse
206 205 0.0 0.0 ellipse
207 206 0.0 0.0 ellipse
208 207 0.0 0.0 ellipse
209 208 0.0 0.0 ellipse
210 209 0.0 0.0 ellipse
211 210 0.0 0.0 ellipse
212 211 0.0 0.0 ellipse
213 212 0.0 0.0 ellipse
214 213 0.0 0.0 ellipse
215 214 0.0 0.0 ellipse
216 215 0.0 0.0 ellipse
217 216 0.0 0.0 ellipse
218 217 0.0 0.0 ellipse
219 218 0.0 0.0 ellipse
220 219 0.0 0.0 ellipse
221 220 0.0 0.0 ellipse
222 221 0.0 0.0 ellipse
223 222 0.0 0.0 ellipse
224 223 0.0 0.0 ellipse
225 224 0.0 0.0 ellipse
226 225 0.0 0.0 ellipse
227 226 0.0 0.0 ellipse
228 227 0.0 0.0 ellipse
229 228 0.0 0.0 ellipse
230 229 0.0 0.0 ellipse
231 230 0.0 0.0 ellipse
232 231 0.0 0.0 ellipse
233 232 0.0 0.0 ellipse
234 233 0.0 0.0 ellipse
235 234 0.0 0.0 ellipse
236 235 0.0 0.0 ellipse
237 236 0.0 0.0 ellipse
238 237 0.0 0.0 ellipse
239 238 0.0 0.0 ellipse
240 239 0.0 0.0 ellipse
241 240 0.0 0.0 ellipse
242 241 0.0 0.0 ellipse
243 242 0.0 0.0 ellipse
244 243 0.0 0.0 ellipse
245 244 0.0 0.0 ellipse
246 245 0.0 0.0 ellipse
247 246 0.0 0.0 ellipse
248 247 0.0 0.0 ellipse
249 248 0.0 0.0 ellipse
250 249 0.0 0.0 ellipse
251 250 0.0 0.0 ellipse
252 251 0.0 0.0 ellipse
253 252 0.0 0.0 ellipse
254 253 0.0 0.0 ellipse
255 254 0.0 0.0 ellipse
256 255 0.0 0.0 ellipse
257 256 0.0 0.0 ellipse
258 257 0.0 0.0 ellipse
259 258 0.0 0.0 ellipse
260 259 0.0 0.0 ellipse
261 260 0.0 0.0 ellipse
262 261 0.0 0.0 ellipse
263 262 0.0 0.0 ellipse
264 263 0.0 0.0 ellipse
265 264 0.0 0.0 ellipse
266 265 0.0 0.0 ellipse
267 266 0.0 0.0 ellipse
268 267 0.0 0.0 ellipse
269 268 0.0 0.0 ellipse
270 269 0.0 0.0 ellipse
271 270 0.0 0.0 ellipse
272 271 0.0 0.0 ellipse
273 272 0.0 0.0 ellipse
274 273 0.0 0.0 ellipse
275 274 0.0 0.0 ellipse
276 275 0.0 0.0 ellipse
277 276 0.0 0.0 ellipse
278 277 0.0 0.0 ellipse
279 278 0.0 0.0 ellipse
280 279 0.0 0.0 ellipse
281 280 0.0 0.0 ellipse
282 281 0.0 0.0 ellipse
283 282 0.0 0.0 ellipse
284 283 0.0 0.0 ellipse
285 284 0.0 0.0 ellipse
286 285 0.0 0.0 ellipse
287 286 0.0 0.0 ellipse
288 287 0.0 0.0 ellipse
289 288 0.0 0.0 ellipse
290 289 0.0 0.0 ellipse
291 290 0.0 0.0 ellipse
292 291 0.0 0.0 ellipse
293 292 0.0 0.0 ellipse
294 293 0.0 0.0 ellipse
295 294 0.0 0.0 ellipse
296 295 0.0 0.0 ellipse
297 296 0.0 0.0 ellipse
298 297 0.0 0.0 ellipse
299 298 0.0 0.0 ellipse
300 299 0.0 0.0 ellipse
301 300 0.0 0.0 ellipse
302 301 0.0 0.0 ellipse
303 302 0.0 0.0 ellipse
304 303 0.0 0.0 ellipse
305 304 0.0 0.0 ellipse
306 305 0.0 0.0 ellipse
307 306 0.0 0.0 ellipse
308 307 0.0 0.0 ellipse
309 308 0.0 0.0 ellipse
310 309 0.0 0.0 ellipse
311 310 0.0 0.0 ellipse
312 311 0.0 0.0 ellipse
313 312 0.0 0.0 ellipse
314 313 0.0 0.0 ellipse
315 314 0.0 0.0 ellipse
316 315 0.0 0.0 ellipse
317 316 0.0 0.0 ellipse
318 317 0.0 0.0 ellipse
319 318 0.0 0.0 ellipse
320 319 0.0 0.0 ellipse
321 320 0.0 0.0 ellipse
322 321 0.0 0.0 ellipse
323 322 0.0 0.0 ellipse
324 323 0.0 0.0 ellipse
325 324 0.0 0.0 ellipse
326 325 0.0 0.0 ellipse
327 326 0.0 0.0 ellipse
328 327 0.0 0.0 ellipse
329 328 0.0 0.0 ellipse
330 329 0.0 0.0 ellipse
331 330 0.0 0.0 ellipse
332 331 0.0 0.0 ellipse
333 332 0.0 0.0 ellipse
334 333 0.0 0.0 ellipse
335 334 0.0 0.0 ellipse
336 335 0.0 0.0 ellipse
337 336 0.0 0.0 ellipse
338 337 0.0 0.0 ellipse
339 338 0.0 0.0 ellipse
340 339 0.0 0.0 ellipse
341 340 0.0 0.0 ellipse
342 341 0.0 0.0 ellipse
343 342 0.0 0.0 ellipse
344 343 0.0 0.0 ellipse
345 344 0.0 0.0 ellipse
346 345 0.0 0.0 ellipse
347 346 0.0 0.0 ellipse
348 347 0.0 0.0 ellipse
349 348 0.0 0.0 ellipse
350 349 0.0 0.0 ellipse
351 350 0.0 0.0 ellipse
352 351 0.0 0.0 ellipse
353 352 0.0 0.0 ellipse
354 353 0.0 0.0 ellipse
355 354 0.0 0.0 ellipse
356 355 0.0 0.0 ellipse
357 356 0.0 0.0 ellipse
358 357 0.0 0.0 ellipse
359 358 0.0 0.0 ellipse
360 359 0.0 0.0 ellipse
361 360 0.0 0.0 ellipse
362 361 0.0 0.0 ellipse
363 362 0.0 0.0 ellipse
364 363 0.0 0.0 ellipse
365 364 0.0 0.0 ellipse
366 365 0.0 0.0 ellipse
367 366 0.0 0.0 ellipse
368 367 0.0 0.0 ellipse
369 368 0.0 0.0 ellipse
370 369 0.0 0.0 ellipse
371 370 0.0 0.0 ellipse
372 371 0.0 0.0 ellipse
373 372 0.0 0.0 ellipse
374 373 0.0 0.0 ellipse
375 374 0.0 0.0 ellipse
376 375 0.0 0.0 ellipse
377 376 0.0 0.0 ellipse
378 377 0.0 0.0 ellipse
379 378 0.0 0.0 ellipse
380 379 0.0 0.0 ellipse
381 380 0.0 0.0 ellipse
382 381 0.0 0.0 ellipse
383 382 0.0 0.0 ellipse
384 383 0.0 0.0 ellipse
385 384 0.0 0.0 ellipse
386 385 0.0 0.0 ellipse
387 386 0.0 0.0 ellipse
388 387 0.0 0.0 ellipse
389 388 0.0 0.0 ellipse
390 389 0.0 0.0 ellipse
391 390 0.0 0.0 ellipse
392 391 0.0 0.0 ellipse
393 392 0.0 0.0 ellipse
394 393 0.0 0.0 ellipse
395 394 0.0 0.0 ellipse
396 395 0.0 0.0 ellipse
397 396 0.0 0.0 ellipse
398 397 0.0 0.0 ellipse
399 398 0.0 0.0 ellipse
400 399 0.0 0.0 ellipse
401 400 0.0 0.0 ellipse
402 401 0.0 0.0 ellipse
403 402 0.0 0.0 ellipse
404 403 0.0 0.0 ellipse
405 404 0.0 0.0 ellipse
406 405 0.0 0.0 ellipse
407 406 0.0 0.0 ellipse
408 407 0.0 0.0 ellipse
409 408 0.0 0.0 ellipse
410 409 0.0 0.0 ellipse
411 410 0.0 0.0 ellipse
412 411 0.0 0.0 ellipse
413 412 0.0 0.0 ellipse
414 413 0.0 0.0 ellipse
415 414 0.0 0.0 ellipse
416 415 0.0 0.0 ellipse
417 416 0.0 0.0 ellipse
418 417 0.0 0.0 ellipse
419 418 0.0 0.0 ellipse
420 419 0.0 0.0 ellipse
421 420 0.0 0.0 ellipse
422 421 0.0 0.0 ellipse
423 422 0.0 0.0 ellipse
424 423 0.0 0.0 ellipse
425 424 0.0 0.0 ellipse
426 425 0.0 0.0 ellipse
427 426 0.0 0.0 ellipse
428 427 0.0 0.0 ellipse
429 428 0.0 0.0 ellipse
430 429 0.0 0.0 ellipse
431 430 0.0 0.0 ellipse
432 431 0.0 0.0 ellipse
433 432 0.0 0.0 ellipse
434 433 0.0 0.0 ellipse
435 434 0.0 0.0 ellipse
436 435 0.0 0.0 ellipse
437 436 0.0 0.0 ellipse
438 437 0.0 0.0 ellipse
439 438 0.0 0.0 ellipse
440 439 0.0 0.0 ellipse
441 440 0.0 0.0 ellipse
442 441 0.0 0.0 ellipse
443 442 0.0 0.0 ellipse
444 443 0.0 0.0 ellipse
445 444 0.0 0.0 ellipse
446 445 0.0 0.0 ellipse
447 446 0.0 0.0 ellipse
448 447 0.0 0.0 ellipse
449 448 0.0 0.0 ellipse
450 449 0.0 0.0 ellipse
451 450 0.0 0.0 ellipse
452 451 0.0 0.0 ellipse
453 452 0.0 0.0 ellipse
454 453 0.0 0.0 ellipse
455 454 0.0 0.0 ellipse
456 455 0.0 0.0 ellipse
457 456 0.0 0.0 ellipse
458 457 0.0 0.0 ellipse
459 458 0.0 0.0 ellipse
460 459 0.0 0.0 ellipse
461 460 0.0 0.0 ellipse
462 461 0.0 0.0 ellipse
463 462 0.0 0.0 ellipse
464 463 0.0 0.0 ellipse
465 464 0.0 0.0 ellipse
466 465 0.0 0.0 ellipse
467 466 0.0 0.0 ellipse
468 467 0.0 0.0 ellipse
469 468 0.0 0.0 ellipse
470 469 0.0 0.0 ellipse
471 470 0.0 0.0 ellipse
472 471 0.0 0.0 ellipse
473 472 0.0 0.0 ellipse
474 473 0.0 0.0 ellipse
475 474 0.0 0.0 ellipse
476 475 0.0 0.0 ellipse
477 476 0.0 0.0 ellipse
478 477 0.0 0.0 ellipse
479 478 0.0 0.0 ellipse
480 479 0.0 0.0 ellipse
481 480 0.0 0.0 ellipse
482 481 0.0 0.0 ellipse
483 482 0.0 0.0 ellipse
484 483 0.0 0.0 ellipse
485 484 0.0 0.0 ellipse
486 485 0.0 0.0 ellipse
487 486 0.0 0.0 ellipse
488 487 0.0 0.0 ellipse
489 488 0.0 0.0 ellipse
490 489 0.0 0.0 ellipse
491 490 0.0 0.0 ellipse
492 491 0.0 0.0 ellipse
493 492 0.0 0.0 ellipse
494 493 0.0 0.0 ellipse
495 494 0.0 0.0 ellipse
496 495 0.0 0.0 ellipse
497 496 0.0 0.0 ellipse
498 497 0.0 0.0 ellipse
499 498 0.0 0.0 ellipse
500 499 0.0 0.0 ellipse
501 500 0.0 0.0 ellipse
502 501 0.0 0.0 ellipse
503 502 0.0 0.0 ellipse
504 503 0.0 0.0 ellipse
505 504 0.0 0.0 ellipse
506 505 0.0 0.0 ellipse
507 506 0.0 0.0 ellipse
508 507 0.0 0.0 ellipse
509 508 0.0 0.0 ellipse
510 509 0.0 0.0 ellipse
511 510 0.0 0.0 ellipse
512 511 0.0 0.0 ellipse
513 512 0.0 0.0 ellipse
514 513 0.0 0.0 ellipse
515 514 0.0 0.0 ellipse
516 515 0.0 0.0 ellipse
517 516 0.0 0.0 ellipse
518 517 0.0 0.0 ellipse
519 518 0.0 0.0 ellipse
520 519 0.0 0.0 ellipse
521 520 0.0 0.0 ellipse
522 521 0.0 0.0 ellipse
523 522 0.0 0.0 ellipse
524 523 0.0 0.0 ellipse
525 524 0.0 0.0 ellipse
526 525 0.0 0.0 ellipse
527 526 0.0 0.0 ellipse
528 527 0.0 0.0 ellipse
529 528 0.0 0.0 ellipse
530 529 0.0 0.0 ellipse
531 530 0.0 0.0 ellipse
532 531 0.0 0.0 ellipse
533 532 0.0 0.0 ellipse
534 533 0.0 0.0 ellipse
535 534 0.0 0.0 ellipse
536 535 0.0 0.0 ellipse
537 536 0.0 0.0 ellipse
538 537 0.0 0.0 ellipse
539 538 0.0 0.0 ellipse
540 539 0.0 0.0 ellipse
541 540 0.0 0.0 ellipse
542 541 0.0 0.0 ellipse
543 542 0.0 0.0 ellipse
544 543 0.0 0.0 ellipse
545 544 0.0 0.0 ellipse
546 545 0.0 0.0 ellipse
547 546 0.0 0.0 ellipse
548 547 0.0 0.0 ellipse
549 548 0.0 0.0 ellipse
550 549 0.0 0.0 ellipse
551 550 0.0 0.0 ellipse
552 551 0.0 0.0 ellipse
553 552 0.0 0.0 ellipse
554 553 0.0 0.0 ellipse
555 554 0.0 0.0 ellipse
556 555 0.0 0.0 ellipse
557 556 0.0 0.0 ellipse
558 557 0.0 0.0 ellipse
559 558 0.0 0.0 ellipse
560 559 0.0 0.0 ellipse
561 560 0.0 0.0 ellipse
562 561 0.0 0.0 ellipse
563 562 0.0 0.0 ellipse
564 563 0.0 0.0 ellipse
565 564 0.0 0.0 ellipse
566 565 0.0 0.0 ellipse
567 566 0.0 0.0 ellipse
568 567 0.0 0.0 ellipse
569 568 0.0 0.0 ellipse
570 569 0.0 0.0 ellipse
571 570 0.0 0.0 ellipse
572 571 0.0 0.0 ellipse
573 572 0.0 0.0 ellipse
574 573 0.0 0.0 ellipse
575 574 0.0 0.0 ellipse
576 575 0.0 0.0 ellipse
577 576 0.0 0.0 ellipse
578 577 0.0 0.0 ellipse
579 578 0.0 0.0 ellipse
580 579 0.0 0.0 ellipse
581 580 0.0 0.0 ellipse
582 581 0.0 0.0 ellipse
583 582 0.0 0.0 ellipse
584 583 0.0 0.0 ellipse
585 584 0.0 0.0 ellipse
586 585 0.0 0.0 ellipse
587 586 0.0 0.0 ellipse
588 587 0.0 0.0 ellipse
589 588 0.0 0.0 ellipse
590 589 0.0 0.0 ellipse
591 590 0.0 0.0 ellipse
592 591 0.0 0.0 ellipse
593 592 0.0 0.0 ellipse
594 593 0.0 0.0 ellipse
595 594 0.0 0.0 ellipse
596 595 0.0 0.0 ellipse
597 596 0.0 0.0 ellipse
598 597 0.0 0.0 ellipse
599 598 0.0 0.0 ellipse
600 599 0.0 0.0 ellipse
601 600 0.0 0.0 ellipse
602 601 0.0 0.0 ellipse
603 602 0.0 0.0 ellipse
604 603 0.0 0.0 ellipse
605 604 0.0 0.0 ellipse
606 605 0.0 0.0 ellipse
607 606 0.0 0.0 ellipse
608 607 0.0 0.0 ellipse
609 608 0.0 0.0 ellipse
610 609 0.0 0.0 ellipse
611 610 0.0 0.0 ellipse
612 611 0.0 0.0 ellipse
613 612 0.0 0.0 ellipse
614 613 0.0 0.0 ellipse
615 614 0.0 0.0 ellipse
616 615 0.0 0.0 ellipse
617 616 0.0 0.0 ellipse
618 617 0.0 0.0 ellipse
619 618 0.0 0.0 ellipse
620 619 0.0 0.0 ellipse
621 620 0.0 0.0 ellipse
622 621 0.0 0.0 ellipse
623 622 0.0 0.0 ellipse
624 623 0.0 0.0 ellipse
625 624 0.0 0.0 ellipse
626 625 0.0 0.0 ellipse
627 626 0.0 0.0 ellipse
628 627 0.0 0.0 ellipse
629 628 0.0 0.0 ellipse
630 629 0.0 0.0 ellipse
631 630 0.0 0.0 ellipse
632 631 0.0 0.0 ellipse
633 632 0.0 0.0 ellipse
634 633 0.0 0.0 ellipse
635 634 0.0 0.0 ellipse
636 635 0.0 0.0 ellipse
637 636 0.0 0.0 ellipse
638 637 0.0 0.0 ellipse
639 638 0.0 0.0 ellipse
640 639 0.0 0.0 ellipse
641 640 0.0 0.0 ellipse
642 641 0.0 0.0 ellipse
643 642 0.0 0.0 ellipse
644 643 0.0 0.0 ellipse
645 644 0.0 0.0 ellipse
646 645 0.0 0.0 ellipse
647 646 0.0 0.0 ellipse
648 647 0.0 0.0 ellipse
649 648 0.0 0.0 ellipse
650 649 0.0 0.0 ellipse
651 650 0.0 0.0 ellipse
652 651 0.0 0.0 ellipse
653 652 0.0 0.0 ellipse
654 653 0.0 0.0 ellipse
655 654 0.0 0.0 ellipse
656 655 0.0 0.0 ellipse
657 656 0.0 0.0 ellipse
658 657 0.0 0.0 ellipse
659 658 0.0 0.0 ellipse
660 659 0.0 0.0 ellipse
661 660 0.0 0.0 ellipse
662 661 0.0 0.0 ellipse
663 662 0.0 0.0 ellipse
664 663 0.0 0.0 ellipse
665 664 0.0 0.0 ellipse
666 665 0.0 0.0 ellipse
667 666 0.0 0.0 ellipse
668 667 0.0 0.0 ellipse
669 668 0.0 0.0 ellipse
670 669 0.0 0.0 ellipse
671 670 0.0 0.0 ellipse
672 671 0.0 0.0 ellipse
673 672 0.0 0.0 ellipse
674 673 0.0 0.0 ellipse
675 674 0.0 0.0 ellipse
676 675 0.0 0.0 ellipse
677 676 0.0 0.0 ellipse
678 677 0.0 0.0 ellipse
679 678 0.0 0.0 ellipse
680 679 0.0 0.0 ellipse
681 680 0.0 0.0 ellipse
682 681 0.0 0.0 ellipse
683 682 0.0 0.0 ellipse
684 683 0.0 0.0 ellipse
685 684 0.0 0.0 ellipse
686 685 0.0 0.0 ellipse
687 686 0.0 0.0 ellipse
688 687 0.0 0.0 ellipse
689 688 0.0 0.0 ellipse
690 689 0.0 0.0 ellipse
691 690 0.0 0.0 ellipse
692 691 0.0 0.0 ellipse
693 692 0.0 0.0 ellipse
694 693 0.0 0.0 ellipse
695 694 0.0 0.0 ellipse
696 695 0.0 0.0 ellipse
697 696 0.0 0.0 ellipse
698 697 0.0 0.0 ellipse
699 698 0.0 0.0 ellipse
700 699 0.0 0.0 ellipse
701 700 0.0 0.0 ellipse
702 701 0.0 0.0 ellipse
703 702 0.0 0.0 ellipse
704 703 0.0 0.0 ellipse
705 704 0.0 0.0 ellipse
706 705 0.0 0.0 ellipse
707 706 0.0 0.0 ellipse
708 707 0.0 0.0 ellipse
709 708 0.0 0.0 ellipse
710 709 0.0 0.0 ellipse
711 710 0.0 0.0 ellipse
712 711 0.0 0.0 ellipse
713 712 0.0 0.0 ellipse
714 713 0.0 0.0 ellipse
715 714 0.0 0.0 ellipse
716 715 0.0 0.0 ellipse
717 716 0.0 0.0 ellipse
718 717 0.0 0.0 ellipse
719 718 0.0 0.0 ellipse
720 719 0.0 0.0 ellipse
721 720 0.0 0.0 ellipse
722 721 0.0 0.0 ellipse
723 722 0.0 0.0 ellipse
724 723 0.0 0.0 ellipse
725 724 0.0 0.0 ellipse
726 725 0.0 0.0 ellipse
727 726 0.0 0.0 ellipse
728 727 0.0 0.0 ellipse
729 728 0.0 0.0 ellipse
730 729 0.0 0.0 ellipse
731 730 0.0 0.0 ellipse
732 731 0.0 0.0 ellipse
733 732 0.0 0.0 ellipse
734 733 0.0 0.0 ellipse
735 734 0.0 0.0 ellipse
736 735 0.0 0.0 ellipse
737 736 0.0 0.0 ellipse
738 737 0.0 0.0 ellipse
739 738 0.0 0.0 ellipse
740 739 0.0 0.0 ellipse
741 740 0.0 0.0 ellipse
742 741 0.0 0.0 ellipse
743 742 0.0 0.0 ellipse
744 743 0.0 0.0 ellipse
745 744 0.0 0.0 ellipse
746 745 0.0 0.0 ellipse
747 746 0.0 0.0 ellipse
748 747 0.0 0.0 ellipse
749 748 0.0 0.0 ellipse
750 749 0.0 0.0 ellipse
751 750 0.0 0.0 ellipse
752 751 0.0 0.0 ellipse
753 752 0.0 0.0 ellipse
754 753 0.0 0.0 ellipse
755 754 0.0 0.0 ellipse
756 755 0.0 0.0 ellipse
757 756 0.0 0.0 ellipse
758 757 0.0 0.0 ellipse
759 758 0.0 0.0 ellipse
760 759 0.0 0.0 ellipse
761 760 0.0 0.0 ellipse
762 761 0.0 0.0 ellipse
763 762 0.0 0.0 ellipse
764 763 0.0 0.0 ellipse
765 764 0.0 0.0 ellipse
766 765 0.0 0.0 ellipse
767 766 0.0 0.0 ellipse
768 767 0.0 0.0 ellipse
769 768 0.0 0.0 ellipse
770 769 0.0 0.0 ellipse
771 770 0.0 0.0 ellipse
772 771 0.0 0.0 ellipse
773 772 0.0 0.0 ellipse
774 773 0.0 0.0 ellipse
775 774 0.0 0.0 ellipse
776 775 0.0 0.0 ellipse
777 776 0.0 0.0 ellipse
778 777 0.0 0.0 ellipse
779 778 0.0 0.0 ellipse
780 779 0.0 0.0 ellipse
781 780 0.0 0.0 ellipse
782 781 0.0 0.0 ellipse
783 782 0.0 0.0 ellipse
784 783 0.0 0.0 ellipse
785 784 0.0 0.0 ellipse
786 785 0.0 0.0 ellipse
787 786 0.0 0.0 ellipse
788 787 0.0 0.0 ellipse
789 788 0.0 0.0 ellipse
790 789 0.0 0.0 ellipse
791 790 0.0 0.0 ellipse
792 791 0.0 0.0 ellipse
793 792 0.0 0.0 ellipse
794 793 0.0 0.0 ellipse
795 794 0.0 0.0 ellipse
796 795 0.0 0.0 ellipse
797 796 0.0 0.0 ellipse
798 797 0.0 0.0 ellipse
799 798 0.0 0.0 ellipse
800 799 0.0 0.0 ellipse
801 800 0.0 0.0 ellipse
802 801 0.0 0.0 ellipse
803 802 0.0 0.0 ellipse
804 803 0.0 0.0 ellipse
805 804 0.0 0.0 ellipse
806 805 0.0 0.0 ellipse
807 806 0.0 0.0 ellipse
808 807 0.0 0.0 ellipse
809 808 0.0 0.0 ellipse
810 809 0.0 0.0 ellipse
811 810 0.0 0.0 ellipse
812 811 0.0 0.0 ellipse
813 812 0.0 0.0 ellipse
814 813 0.0 0.0 ellipse
815 814 0.0 0.0 ellipse
816 815 0.0 0.0 ellipse
817 816 0.0 0.0 ellipse
818 817 0.0 0.0 ellipse
819 818 0.0 0.0 ellipse
820 819 0.0 0.0 ellipse
821 820 0.0 0.0 ellipse
822 821 0.0 0.0 ellipse
823 822 0.0 0.0 ellipse
824 823 0.0 0.0 ellipse
825 824 0.0 0.0 ellipse
826 825 0.0 0.0 ellipse
827 826 0.0 0.0 ellipse
828 827 0.0 0.0 ellipse
829 828 0.0 0.0 ellipse
830 829 0.0 0.0 ellipse
831 830 0.0 0.0 ellipse
832 831 0.0 0.0 ellipse
833 832 0.0 0.0 ellipse
834 833 0.0 0.0 ellipse
835 834 0.0 0.0 ellipse
836 835 0.0 0.0 ellipse
837 836 0.0 0.0 ellipse
838 837 0.0 0.0 ellipse
839 838 0.0 0.0 ellipse
840 839 0.0 0.0 ellipse
841 840 0.0 0.0 ellipse
842 841 0.0 0.0 ellipse
843 842 0.0 0.0 ellipse
844 843 0.0 0.0 ellipse
845 844 0.0 0.0 ellipse
846 845 0.0 0.0 ellipse
847 846 0.0 0.0 ellipse
848 847 0.0 0.0 ellipse
849 848 0.0 0.0 ellipse
850 849 0.0 0.0 ellipse
851 850 0.0 0.0 ellipse
852 851 0.0 0.0 ellipse
853 852 0.0 0.0 ellipse
854 853 0.0 0.0 ellipse
855 854 0.0 0.0 ellipse
856 855 0.0 0.0 ellipse
857 856 0.0 0.0 ellipse
858 857 0.0 0.0 ellipse
859 858 0.0 0.0 ellipse
860 859 0.0 0.0 ellipse
861 860 0.0 0.0 ellipse
862 861 0.0 0.0 ellipse
863 862 0.0 0.0 ellipse
864 863 0.0 0.0 ellipse
865 864 0.0 0.0 ellipse
866 865 0.0 0.0 ellipse
867 866 0.0 0.0 ellipse
868 867 0.0 0.0 ellipse
869 868 0.0 0.0 ellipse
870 869 0.0 0.0 ellipse
871 870 0.0 0.0 ellipse
872 871 0.0 0.0 ellipse
873 872 0.0 0.0 ellipse
874 873 0.0 0.0 ellipse
875 874 0.0 0.0 ellipse
876 875 0.0 0.0 ellipse
877 876 0.0 0.0 ellipse
878 877 0.0 0.0 ellipse
879 878 0.0 0.0 ellipse
880 879 0.0 0.0 ellipse
881 880 0.0 0.0 ellipse
882 881 0.0 0.0 ellipse
883 882 0.0 0.0 ellipse
884 883 0.0 0.0 ellipse
885 884 0.0 0.0 ellipse
886 885 0.0 0.0 ellipse
887 886 0.0 0.0 ellipse
888 887 0.0 0.0 ellipse
889 888 0.0 0.0 ellipse
890 889 0.0 0.0 ellipse
891 890 0.0 0.0 ellipse
892 891 0.0 0.0 ellipse
893 892 0.0 0.0 ellipse
894 893 0.0 0.0 ellipse
895 894 0.0 0.0 ellipse
896 895 0.0 0.0 ellipse
897 896 0.0 0.0 ellipse
898 897 0.0 0.0 ellipse
899 898 0.0 0.0 ellipse
900 899 0.0 0.0 ellipse
901 900 0.0 0.0 ellipse
902 901 0.0 0.0 ellipse
903 902 0.0 0.0 ellipse
904 903 0.0 0.0 ellipse
905 904 0.0 0.0 ellipse
906 905 0.0 0.0 ellipse
907 906 0.0 0.0 ellipse
908 907 0.0 0.0 ellipse
909 908 0.0 0.0 ellipse
910 909 0.0 0.0 ellipse
911 910 0.0 0.0 ellipse
912 911 0.0 0.0 ellipse
913 912 0.0 0.0 ellipse
914 913 0.0 0.0 ellipse
915 914 0.0 0.0 ellipse
916 915 0.0 0.0 ellipse
917 916 0.0 0.0 ellipse
918 917 0.0 0.0 ellipse
919 918 0.0 0.0 ellipse
920 919 0.0 0.0 ellipse
921 920 0.0 0.0 ellipse
922 921 0.0 0.0 ellipse
923 922 0.0 0.0 ellipse
924 923 0.0 0.0 ellipse
925 924 0.0 0.0 ellipse
926 925 0.0 0.0 ellipse
927 926 0.0 0.0 ellipse
928 927 0.0 0.0 ellipse
929 928 0.0 0.0 ellipse
930 929 0.0 0.0 ellipse
931 930 0.0 0.0 ellipse
932 931 0.0 0.0 ellipse
933 932 0.0 0.0 ellipse
934 933 0.0 0.0 ellipse
935 934 0.0 0.0 ellipse
936 935 0.0 0.0 ellipse
937 936 0.0 0.0 ellipse
938 937 0.0 0.0 ellipse
939 938 0.0 0.0 ellipse
940 939 0.0 0.0 ellipse
941 940 0.0 0.0 ellipse
942 941 0.0 0.0 ellipse
943 942 0.0 0.0 ellipse
944 943 0.0 0.0 ellipse
945 944 0.0 0.0 ellipse
946 945 0.0 0.0 ellipse
947 946 0.0 0.0 ellipse
948 947 0.0 0.0 ellipse
949 948 0.0 0.0 ellipse
950 949 0.0 0.0 ellipse
951 950 0.0 0.0 ellipse
952 951 0.0 0.0 ellipse
953 952 0.0 0.0 ellipse
954 953 0.0 0.0 ellipse
955 954 0.0 0.0 ellipse
956 955 0.0 0.0 ellipse
957 956 0.0 0.0 ellipse
958 957 0.0 0.0 ellipse
959 958 0.0 0.0 ellipse
960 959 0.0 0.0 ellipse
961 960 0.0 0.0 ellipse
962 961 0.0 0.0 ellipse
963 962 0.0 0.0 ellipse
964 963 0.0 0.0 ellipse
965 964 0.0 0.0 ellipse
966 965 0.0 0.0 ellipse
967 966 0.0 0.0 ellipse
968 967 0.0 0.0 ellipse
969 968 0.0 0.0 ellipse
970 969 0.0 0.0 ellipse
971 970 0.0 0.0 ellipse
972 971 0.0 0.0 ellipse
973 972 0.0 0.0 ellipse
974 973 0.0 0.0 ellipse
975 974 0.0 0.0 ellipse
976 975 0.0 0.0 ellipse
977 976 0.0 0.0 ellipse
978 977 0.0 0.0 ellipse
979 978 0.0 0.0 ellipse
980 979 0.0 0.0 ellipse
981 980 0.0 0.0 ellipse
982 981 0.0 0.0 ellipse
983 982 0.0 0.0 ellipse
984 983 0.0 0.0 ellipse
985 984 0.0 0.0 ellipse
986 985 0.0 0.0 ellipse
987 986 0.0 0.0 ellipse
988 987 0.0 0.0 ellipse
989 988 0.0 0.0 ellipse
990 989 0.0 0.0 ellipse
991 990 0.0 0.0 ellipse
992 991 0.0 0.0 ellipse
993 992 0.0 0.0 ellipse
994 993 0.0 0.0 ellipse
995 994 0.0 0.0 ellipse
996 995 0.0 0.0 ellipse
997 996 0.0 0.0 ellipse
998 997 0.0 0.0 ellipse
999 998 0.0 0.0 ellipse
1000 999 0.0 0.0 ellipse
*edges
1 741 1.0
1 486 1.0
1 733 1.0
1 261 1.0
1 962 1.0
1 635 1.0
1 334 1.0
1 600 1.0
1 294 1.0
1 447 1.0
1 366 1.0
1 848 1.0
1 23 1.0
1 621 1.0
2 980 1.0
3 615 1.0
4 907 1.0
4 486 1.0
5 600 1.0
5 291 1.0
5 386 1.0
5 502 1.0
5 843 1.0
5 712 1.0
5 852 1.0
5 57 1.0
5 171 1.0
5 848 1.0
5 980 1.0
5 995 1.0
5 24 1.0
5 279 1.0
5 849 1.0
5 67 1.0
5 555 1.0
5 271 1.0
5 639 1.0
5 573 1.0
5 486 1.0
5 866 1.0
5 660 1.0
5 275 1.0
5 303 1.0
5 619 1.0
5 726 1.0
5 578 1.0
5 872 1.0
5 627 1.0
5 938 1.0
5 447 1.0
5 631 1.0
5 492 1.0
5 921 1.0
5 877 1.0
5 95 1.0
5 37 1.0
5 966 1.0
6 635 1.0
7 447 1.0
7 548 1.0
7 579 1.0
7 980 1.0
7 717 1.0
7 486 1.0
8 775 1.0
9 193 1.0
10 243 1.0
10 520 1.0
11 968 1.0
12 577 1.0
13 686 1.0
14 218 1.0
14 959 1.0
14 636 1.0
14 518 1.0
14 848 1.0
15 416 1.0
16 832 1.0
17 395 1.0
17 275 1.0
17 835 1.0
17 305 1.0
18 700 1.0
19 447 1.0
20 848 1.0
21 980 1.0
21 675 1.0
22 233 1.0
22 191 1.0
22 34 1.0
22 444 1.0
22 275 1.0
22 635 1.0
22 577 1.0
22 683 1.0
22 600 1.0
22 527 1.0
23 635 1.0
23 980 1.0
23 573 1.0
23 584 1.0
23 682 1.0
23 472 1.0
23 447 1.0
23 918 1.0
23 206 1.0
23 810 1.0
23 660 1.0
23 832 1.0
23 328 1.0
23 759 1.0
23 708 1.0
23 432 1.0
23 366 1.0
23 471 1.0
24 99 1.0
24 231 1.0
25 949 1.0
26 635 1.0
27 66 1.0
28 275 1.0
28 145 1.0
29 600 1.0
30 208 1.0
30 112 1.0
30 397 1.0
30 832 1.0
30 486 1.0
31 848 1.0
31 574 1.0
32 966 1.0
32 938 1.0
32 245 1.0
33 89 1.0
33 275 1.0
34 683 1.0
34 486 1.0
34 175 1.0
35 980 1.0
36 40 1.0
38 635 1.0
38 600 1.0
39 138 1.0
40 724 1.0
40 848 1.0
40 832 1.0
40 486 1.0
40 325 1.0
40 240 1.0
40 175 1.0
40 513 1.0
40 165 1.0
40 980 1.0
40 103 1.0
40 660 1.0
40 897 1.0
40 314 1.0
40 600 1.0
40 712 1.0
40 627 1.0
40 635 1.0
40 892 1.0
41 635 1.0
41 814 1.0
42 712 1.0
43 967 1.0
43 275 1.0
44 57 1.0
45 969 1.0
45 864 1.0
45 54 1.0
46 273 1.0
46 573 1.0
46 397 1.0
47 360 1.0
48 486 1.0
49 755 1.0
49 486 1.0
49 980 1.0
49 945 1.0
49 179 1.0
49 948 1.0
49 102 1.0
49 98 1.0
49 459 1.0
49 385 1.0
49 848 1.0
50 979 1.0
50 938 1.0
50 660 1.0
51 928 1.0
51 175 1.0
52 225 1.0
53 686 1.0
54 145 1.0
54 603 1.0
54 302 1.0
54 486 1.0
54 724 1.0
54 848 1.0
54 844 1.0
54 980 1.0
54 176 1.0
54 969 1.0
54 447 1.0
54 810 1.0
54 490 1.0
54 309 1.0
54 315 1.0
55 660 1.0
55 647 1.0
56 325 1.0
57 887 1.0
58 821 1.0
58 801 1.0
59 486 1.0
59 76 1.0
59 537 1.0
59 447 1.0
60 931 1.0
60 988 1.0
61 103 1.0
61 559 1.0
61 208 1.0
61 76 1.0
61 192 1.0
61 730 1.0
61 607 1.0
61 810 1.0
61 415 1.0
61 714 1.0
61 750 1.0
61 422 1.0
62 240 1.0
63 362 1.0
64 75 1.0
65 182 1.0
66 478 1.0
66 575 1.0
66 95 1.0
68 918 1.0
69 693 1.0
70 627 1.0
71 848 1.0
72 486 1.0
73 279 1.0
74 565 1.0
75 95 1.0
75 813 1.0
75 261 1.0
75 665 1.0
75 306 1.0
75 493 1.0
75 154 1.0
75 848 1.0
75 175 1.0
75 751 1.0
75 656 1.0
75 980 1.0
75 556 1.0
75 421 1.0
75 486 1.0
75 846 1.0
75 324 1.0
75 427 1.0
75 304 1.0
75 471 1.0
75 330 1.0
75 275 1.0
75 213 1.0
75 288 1.0
75 447 1.0
75 928 1.0
75 515 1.0
75 573 1.0
75 712 1.0
75 623 1.0
75 461 1.0
75 206 1.0
75 739 1.0
75 518 1.0
75 924 1.0
75 365 1.0
75 867 1.0
75 864 1.0
75 162 1.0
75 866 1.0
75 293 1.0
75 473 1.0
75 621 1.0
75 719 1.0
75 547 1.0
75 683 1.0
75 472 1.0
75 397 1.0
75 832 1.0
75 635 1.0
75 952 1.0
75 660 1.0
76 848 1.0
76 542 1.0
76 323 1.0
76 486 1.0
76 987 1.0
76 980 1.0
77 942 1.0
78 145 1.0
79 319 1.0
79 584 1.0
80 541 1.0
81 147 1.0
82 862 1.0
83 832 1.0
83 471 1.0
83 439 1.0
83 600 1.0
83 980 1.0
84 848 1.0
85 848 1.0
85 600 1.0
85 471 1.0
86 486 1.0
86 261 1.0
87 895 1.0
88 518 1.0
89 980 1.0
90 600 1.0
90 814 1.0
91 486 1.0
92 334 1.0
93 517 1.0
94 216 1.0
95 470 1.0
95 275 1.0
95 453 1.0
95 435 1.0
95 486 1.0
95 635 1.0
95 980 1.0
95 117 1.0
95 541 1.0
95 675 1.0
95 460 1.0
95 154 1.0
95 888 1.0
95 552 1.0
95 830 1.0
95 283 1.0
95 671 1.0
95 447 1.0
95 399 1.0
95 866 1.0
95 397 1.0
95 471 1.0
95 592 1.0
95 600 1.0
96 851 1.0
96 980 1.0
97 980 1.0
98 866 1.0
99 465 1.0
99 821 1.0
99 989 1.0
100 377 1.0
101 699 1.0
101 708 1.0
101 514 1.0
103 518 1.0
103 486 1.0
104 848 1.0
105 427 1.0
105 832 1.0
106 832 1.0
107 439 1.0
107 491 1.0
107 568 1.0
107 453 1.0
107 848 1.0
107 493 1.0
107 510 1.0
108 447 1.0
108 379 1.0
108 962 1.0
108 948 1.0
108 724 1.0
109 518 1.0
110 810 1.0
110 600 1.0
110 540 1.0
110 943 1.0
110 412 1.0
111 848 1.0
111 859 1.0
112 486 1.0
112 848 1.0
112 980 1.0
113 660 1.0
113 683 1.0
114 980 1.0
115 729 1.0
116 364 1.0
117 537 1.0
117 687 1.0
118 486 1.0
119 452 1.0
119 621 1.0
119 525 1.0
119 712 1.0
119 633 1.0
119 848 1.0
119 505 1.0
120 121 1.0
121 399 1.0
121 660 1.0
121 240 1.0
121 675 1.0
122 579 1.0
123 335 1.0
123 164 1.0
124 832 1.0
124 634 1.0
125 397 1.0
125 520 1.0
126 447 1.0
126 635 1.0
126 243 1.0
126 539 1.0
126 187 1.0
126 137 1.0
126 722 1.0
126 453 1.0
127 821 1.0
128 459 1.0
129 184 1.0
130 600 1.0
130 892 1.0
131 892 1.0
131 660 1.0
132 145 1.0
133 821 1.0
133 603 1.0
134 635 1.0
135 980 1.0
136 275 1.0
139 832 1.0
140 486 1.0
141 151 1.0
142 192 1.0
143 312 1.0
144 486 1.0
145 600 1.0
145 972 1.0
145 980 1.0
145 735 1.0
145 389 1.0
145 384 1.0
145 524 1.0
145 660 1.0
145 683 1.0
145 921 1.0
145 832 1.0
145 147 1.0
145 821 1.0
145 275 1.0
145 491 1.0
145 345 1.0
145 442 1.0
145 627 1.0
145 397 1.0
145 887 1.0
145 393 1.0
146 819 1.0
147 486 1.0
147 660 1.0
148 486 1.0
149 635 1.0
149 550 1.0
150 411 1.0
152 520 1.0
153 471 1.0
153 635 1.0
153 357 1.0
153 494 1.0
154 486 1.0
154 733 1.0
154 447 1.0
154 421 1.0
154 635 1.0
154 162 1.0
154 627 1.0
154 275 1.0
154 410 1.0
154 335 1.0
154 892 1.0
154 251 1.0
154 751 1.0
154 310 1.0
154 688 1.0
154 497 1.0
154 780 1.0
154 732 1.0
154 957 1.0
154 693 1.0
154 745 1.0
154 672 1.0
154 250 1.0
154 578 1.0
154 848 1.0
154 866 1.0
154 969 1.0
154 518 1.0
154 397 1.0
154 1000 1.0
155 459 1.0
156 341 1.0
157 164 1.0
158 618 1.0
159 810 1.0
160 866 1.0
161 980 1.0
161 502 1.0
161 251 1.0
161 858 1.0
162 861 1.0
163 397 1.0
163 530 1.0
163 206 1.0
164 980 1.0
164 848 1.0
166 524 1.0
167 766 1.0
168 447 1.0
168 608 1.0
169 810 1.0
170 453 1.0
170 948 1.0
171 969 1.0
171 518 1.0
171 486 1.0
171 337 1.0
171 950 1.0
171 945 1.0
171 397 1.0
171 926 1.0
171 980 1.0
171 866 1.0
172 486 1.0
173 577 1.0
173 712 1.0
173 480 1.0
173 595 1.0
173 275 1.0
174 600 1.0
174 858 1.0
175 486 1.0
175 279 1.0
175 447 1.0
175 199 1.0
175 980 1.0
175 444 1.0
175 474 1.0
175 620 1.0
175 848 1.0
175 984 1.0
175 579 1.0
175 857 1.0
175 686 1.0
175 275 1.0
177 666 1.0
177 571 1.0
177 486 1.0
177 750 1.0
178 980 1.0
180 832 1.0
180 486 1.0
180 660 1.0
181 345 1.0
181 486 1.0
181 266 1.0
181 447 1.0
181 627 1.0
183 668 1.0
185 520 1.0
186 848 1.0
187 832 1.0
188 797 1.0
189 447 1.0
189 220 1.0
189 712 1.0
189 315 1.0
189 486 1.0
189 397 1.0
190 586 1.0
190 486 1.0
192 821 1.0
192 751 1.0
194 206 1.0
195 600 1.0
195 447 1.0
196 980 1.0
197 635 1.0
197 397 1.0
197 848 1.0
197 486 1.0
197 275 1.0
197 600 1.0
198 275 1.0
198 635 1.0
198 660 1.0
199 460 1.0
199 471 1.0
200 471 1.0
201 397 1.0
202 880 1.0
203 848 1.0
204 635 1.0
205 980 1.0
206 675 1.0
206 821 1.0
206 832 1.0
206 518 1.0
207 486 1.0
207 275 1.0
208 433 1.0
208 848 1.0
209 333 1.0
210 252 1.0
211 777 1.0
212 898 1.0
213 536 1.0
213 660 1.0
214 250 1.0
214 606 1.0
214 688 1.0
214 845 1.0
214 486 1.0
214 471 1.0
215 932 1.0
217 486 1.0
217 712 1.0
217 461 1.0
217 866 1.0
219 653 1.0
221 600 1.0
222 418 1.0
223 458 1.0
224 439 1.0
226 600 1.0
227 447 1.0
228 614 1.0
229 929 1.0
230 275 1.0
231 868 1.0
231 635 1.0
231 581 1.0
231 493 1.0
231 627 1.0
232 415 1.0
233 848 1.0
233 986 1.0
233 459 1.0
233 707 1.0
233 821 1.0
233 486 1.0
234 486 1.0
235 397 1.0
236 915 1.0
237 980 1.0
237 493 1.0
238 750 1.0
239 504 1.0
240 275 1.0
240 447 1.0
241 736 1.0
242 571 1.0
243 447 1.0
243 330 1.0
243 315 1.0
243 635 1.0
244 447 1.0
245 486 1.0
245 397 1.0
245 439 1.0
246 580 1.0
246 460 1.0
247 732 1.0
247 952 1.0
247 486 1.0
248 810 1.0
249 430 1.0
250 275 1.0
250 821 1.0
250 660 1.0
250 486 1.0
251 480 1.0
251 712 1.0
251 428 1.0
251 980 1.0
253 471 1.0
254 660 1.0
254 832 1.0
254 782 1.0
255 600 1.0
255 821 1.0
256 848 1.0
256 822 1.0
257 486 1.0
258 303 1.0
259 397 1.0
260 688 1.0
260 848 1.0
261 275 1.0
262 848 1.0
263 600 1.0
264 518 1.0
265 941 1.0
266 400 1.0
266 810 1.0
266 905 1.0
266 486 1.0
266 959 1.0
267 980 1.0
268 669 1.0
269 708 1.0
269 660 1.0
270 921 1.0
272 810 1.0
274 848 1.0
275 864 1.0
275 688 1.0
275 980 1.0
275 663 1.0
275 832 1.0
275 486 1.0
275 648 1.0
275 551 1.0
275 321 1.0
275 524 1.0
275 952 1.0
275 284 1.0
275 941 1.0
275 533 1.0
275 909 1.0
275 745 1.0
275 276 1.0
275 828 1.0
275 481 1.0
275 397 1.0
275 314 1.0
275 904 1.0
275 651 1.0
275 518 1.0
275 443 1.0
275 712 1.0
275 973 1.0
275 848 1.0
275 581 1.0
275 838 1.0
275 660 1.0
275 627 1.0
275 427 1.0
275 762 1.0
275 680 1.0
275 600 1.0
275 526 1.0
275 420 1.0
275 708 1.0
275 791 1.0
275 389 1.0
275 646 1.0
275 573 1.0
275 917 1.0
275 737 1.0
275 859 1.0
275 842 1.0
275 683 1.0
275 821 1.0
275 847 1.0
275 797 1.0
275 635 1.0
277 635 1.0
278 463 1.0
279 486 1.0
279 848 1.0
279 980 1.0
279 405 1.0
279 518 1.0
280 660 1.0
281 848 1.0
282 969 1.0
283 810 1.0
283 948 1.0
283 848 1.0
284 635 1.0
285 686 1.0
285 615 1.0
286 289 1.0
286 635 1.0
286 694 1.0
287 627 1.0
289 939 1.0
289 693 1.0
289 486 1.0
290 486 1.0
290 694 1.0
292 919 1.0
293 461 1.0
293 319 1.0
295 962 1.0
295 524 1.0
296 326 1.0
296 680 1.0
296 803 1.0
297 848 1.0
298 627 1.0
298 712 1.0
298 471 1.0
298 612 1.0
298 357 1.0
299 980 1.0
300 543 1.0
301 469 1.0
301 635 1.0
303 796 1.0
303 606 1.0
305 486 1.0
305 848 1.0
307 322 1.0
308 486 1.0
311 980 1.0
312 660 1.0
313 434 1.0
314 1000 1.0
314 397 1.0
314 686 1.0
314 316 1.0
314 471 1.0
315 980 1.0
315 486 1.0
315 848 1.0
315 966 1.0
315 810 1.0
315 520 1.0
315 660 1.0
315 668 1.0
315 894 1.0
316 781 1.0
317 436 1.0
317 635 1.0
317 660 1.0
317 486 1.0
317 444 1.0
317 848 1.0
318 635 1.0
319 447 1.0
319 980 1.0
319 369 1.0
319 948 1.0
320 640 1.0
321 848 1.0
322 712 1.0
324 486 1.0
324 962 1.0
324 600 1.0
325 632 1.0
327 855 1.0
328 966 1.0
329 848 1.0
330 486 1.0
330 848 1.0
330 491 1.0
330 453 1.0
331 441 1.0
332 627 1.0
333 712 1.0
333 486 1.0
335 486 1.0
335 608 1.0
336 832 1.0
338 980 1.0
339 627 1.0
339 493 1.0
339 832 1.0
340 486 1.0
340 518 1.0
342 821 1.0
343 615 1.0
344 462 1.0
346 709 1.0
346 600 1.0
346 980 1.0
346 519 1.0
346 848 1.0
346 832 1.0
346 486 1.0
347 675 1.0
348 810 1.0
348 486 1.0
348 357 1.0
348 418 1.0
348 848 1.0
348 787 1.0
348 627 1.0
349 375 1.0
350 848 1.0
351 712 1.0
352 397 1.0
353 493 1.0
354 486 1.0
355 763 1.0
356 797 1.0
357 810 1.0
357 407 1.0
357 486 1.0
357 950 1.0
357 518 1.0
357 471 1.0
357 848 1.0
358 606 1.0
359 770 1.0
360 729 1.0
360 832 1.0
360 688 1.0
361 411 1.0
363 453 1.0
363 430 1.0
364 980 1.0
364 494 1.0
364 600 1.0
364 627 1.0
364 848 1.0
365 660 1.0
366 635 1.0
367 907 1.0
368 461 1.0
368 429 1.0
369 818 1.0
370 456 1.0
371 447 1.0
371 848 1.0
372 719 1.0
373 945 1.0
373 848 1.0
374 856 1.0
375 427 1.0
375 447 1.0
375 486 1.0
375 660 1.0
376 635 1.0
377 628 1.0
377 583 1.0
377 848 1.0
378 623 1.0
380 980 1.0
381 461 1.0
382 814 1.0
383 441 1.0
384 486 1.0
386 486 1.0
387 486 1.0
388 447 1.0
389 517 1.0
390 980 1.0
391 872 1.0
392 602 1.0
394 471 1.0
396 581 1.0
397 635 1.0
397 486 1.0
397 600 1.0
397 772 1.0
397 573 1.0
397 980 1.0
397 660 1.0
397 447 1.0
397 723 1.0
397 806 1.0
397 496 1.0
397 832 1.0
397 425 1.0
397 886 1.0
397 743 1.0
397 473 1.0
397 578 1.0
397 827 1.0
397 499 1.0
397 724 1.0
397 475 1.0
397 848 1.0
397 404 1.0
397 866 1.0
397 810 1.0
398 690 1.0
400 486 1.0
400 576 1.0
400 688 1.0
400 712 1.0
401 848 1.0
402 486 1.0
403 637 1.0
404 757 1.0
404 980 1.0
405 892 1.0
406 980 1.0
408 980 1.0
409 944 1.0
410 447 1.0
411 447 1.0
411 848 1.0
411 660 1.0
411 635 1.0
411 486 1.0
411 980 1.0
411 471 1.0
411 600 1.0
411 962 1.0
413 486 1.0
414 460 1.0
414 659 1.0
414 969 1.0
415 627 1.0
415 499 1.0
417 980 1.0
417 486 1.0
418 709 1.0
418 952 1.0
418 814 1.0
419 821 1.0
420 821 1.0
420 848 1.0
420 486 1.0
420 437 1.0
420 537 1.0
420 518 1.0
421 988 1.0
422 573 1.0
422 635 1.0
423 980 1.0
424 990 1.0
425 439 1.0
426 529 1.0
426 817 1.0
427 486 1.0
427 784 1.0
427 635 1.0
427 980 1.0
427 735 1.0
427 493 1.0
427 859 1.0
427 719 1.0
429 712 1.0
429 486 1.0
429 498 1.0
431 573 1.0
436 681 1.0
438 708 1.0
439 486 1.0
439 969 1.0
439 447 1.0
439 683 1.0
439 549 1.0
440 627 1.0
441 660 1.0
441 751 1.0
441 518 1.0
443 865 1.0
445 848 1.0
446 920 1.0
446 848 1.0
446 486 1.0
447 813 1.0
447 967 1.0
447 883 1.0
447 600 1.0
447 586 1.0
447 486 1.0
447 848 1.0
447 882 1.0
447 889 1.0
447 615 1.0
447 468 1.0
447 650 1.0
447 642 1.0
447 708 1.0
447 757 1.0
447 929 1.0
447 453 1.0
447 821 1.0
447 980 1.0
447 525 1.0
447 471 1.0
447 927 1.0
447 686 1.0
447 719 1.0
447 607 1.0
447 460 1.0
447 572 1.0
447 660 1.0
447 814 1.0
447 990 1.0
447 699 1.0
447 567 1.0
447 738 1.0
447 866 1.0
447 820 1.0
447 832 1.0
447 533 1.0
447 941 1.0
447 928 1.0
447 843 1.0
447 810 1.0
447 839 1.0
447 688 1.0
447 938 1.0
448 988 1.0
449 493 1.0
449 573 1.0
450 827 1.0
450 821 1.0
451 980 1.0
452 600 1.0
453 848 1.0
453 692 1.0
453 660 1.0
453 997 1.0
453 491 1.0
453 486 1.0
453 518 1.0
453 635 1.0
453 509 1.0
453 471 1.0
453 824 1.0
453 980 1.0
453 459 1.0
454 660 1.0
455 848 1.0
457 750 1.0
458 486 1.0
459 533 1.0
459 770 1.0
460 887 1.0
460 848 1.0
460 493 1.0
460 521 1.0
460 699 1.0
460 972 1.0
460 802 1.0
460 569 1.0
460 491 1.0
460 486 1.0
461 486 1.0
461 580 1.0
461 750 1.0
461 562 1.0
461 492 1.0
461 608 1.0
461 754 1.0
461 848 1.0
464 515 1.0
464 537 1.0
464 967 1.0
465 537 1.0
466 980 1.0
467 810 1.0
467 486 1.0
467 848 1.0
467 980 1.0
468 742 1.0
470 492 1.0
470 948 1.0
470 870 1.0
470 486 1.0
471 991 1.0
471 824 1.0
471 817 1.0
471 848 1.0
471 832 1.0
471 660 1.0
471 546 1.0
471 486 1.0
471 693 1.0
471 518 1.0
471 491 1.0
471 969 1.0
471 533 1.0
471 815 1.0
471 553 1.0
471 635 1.0
471 952 1.0
471 764 1.0
471 708 1.0
471 995 1.0
471 715 1.0
471 511 1.0
471 600 1.0
471 954 1.0
471 688 1.0
472 821 1.0
472 859 1.0
472 635 1.0
472 866 1.0
473 760 1.0
473 579 1.0
476 821 1.0
477 550 1.0
478 520 1.0
479 945 1.0
479 486 1.0
480 502 1.0
480 606 1.0
480 486 1.0
481 980 1.0
482 486 1.0
483 832 1.0
484 491 1.0
485 714 1.0
486 686 1.0
486 832 1.0
486 921 1.0
486 848 1.0
486 712 1.0
486 665 1.0
486 744 1.0
486 554 1.0
486 826 1.0
486 562 1.0
486 980 1.0
486 635 1.0
486 710 1.0
486 718 1.0
486 861 1.0
486 708 1.0
486 699 1.0
486 972 1.0
486 912 1.0
486 537 1.0
486 756 1.0
486 951 1.0
486 728 1.0
486 688 1.0
486 877 1.0
486 570 1.0
486 524 1.0
486 990 1.0
486 729 1.0
486 995 1.0
486 979 1.0
486 986 1.0
486 851 1.0
486 839 1.0
486 914 1.0
486 814 1.0
486 810 1.0
486 938 1.0
486 952 1.0
486 866 1.0
486 752 1.0
486 573 1.0
486 518 1.0
486 660 1.0
486 996 1.0
486 766 1.0
486 681 1.0
486 526 1.0
486 627 1.0
486 600 1.0
486 637 1.0
486 821 1.0
486 734 1.0
486 822 1.0
486 950 1.0
486 509 1.0
486 683 1.0
486 966 1.0
486 541 1.0
486 776 1.0
486 557 1.0
486 654 1.0
486 650 1.0
486 687 1.0
486 779 1.0
486 492 1.0
486 735 1.0
486 1000 1.0
486 617 1.0
486 962 1.0
486 515 1.0
486 631 1.0
486 775 1.0
486 992 1.0
486 811 1.0
486 692 1.0
486 502 1.0
486 749 1.0
486 533 1.0
486 892 1.0
486 786 1.0
486 520 1.0
486 750 1.0
486 490 1.0
486 560 1.0
486 998 1.0
486 594 1.0
486 709 1.0
486 925 1.0
486 580 1.0
486 719 1.0
486 700 1.0
486 550 1.0
486 601 1.0
486 761 1.0
486 757 1.0
486 568 1.0
486 534 1.0
486 576 1.0
486 954 1.0
486 531 1.0
486 853 1.0
486 525 1.0
486 782 1.0
486 648 1.0
486 948 1.0
486 578 1.0
486 599 1.0
486 753 1.0
486 969 1.0
486 846 1.0
486 904 1.0
486 809 1.0
486 813 1.0
486 615 1.0
486 889 1.0
487 660 1.0
488 580 1.0
489 685 1.0
489 871 1.0
490 561 1.0
490 492 1.0
490 500 1.0
491 980 1.0
491 640 1.0
492 900 1.0
492 660 1.0
492 635 1.0
492 848 1.0
493 958 1.0
493 810 1.0
493 980 1.0
493 935 1.0
493 952 1.0
493 526 1.0
493 668 1.0
493 658 1.0
493 589 1.0
493 719 1.0
494 758 1.0
494 980 1.0
494 582 1.0
495 601 1.0
495 833 1.0
499 660 1.0
499 952 1.0
499 600 1.0
500 703 1.0
501 809 1.0
502 908 1.0
502 903 1.0
502 798 1.0
502 980 1.0
502 900 1.0
503 848 1.0
503 938 1.0
503 832 1.0
506 735 1.0
507 675 1.0
508 657 1.0
509 581 1.0
511 966 1.0
512 581 1.0
514 809 1.0
515 635 1.0
515 848 1.0
515 966 1.0
516 812 1.0
518 789 1.0
518 861 1.0
518 832 1.0
518 866 1.0
518 635 1.0
518 892 1.0
518 747 1.0
518 814 1.0
518 658 1.0
518 1000 1.0
519 848 1.0
520 962 1.0
520 600 1.0
520 848 1.0
522 879 1.0
523 662 1.0
524 745 1.0
524 848 1.0
524 980 1.0
526 1000 1.0
526 610 1.0
526 627 1.0
526 635 1.0
528 903 1.0
530 751 1.0
530 866 1.0
532 899 1.0
533 892 1.0
533 848 1.0
533 771 1.0
533 980 1.0
533 688 1.0
535 938 1.0
537 660 1.0
537 966 1.0
537 980 1.0
537 600 1.0
537 617 1.0
537 821 1.0
538 660 1.0
539 652 1.0
541 634 1.0
541 600 1.0
543 810 1.0
543 848 1.0
544 700 1.0
545 635 1.0
546 962 1.0
549 972 1.0
550 712 1.0
550 573 1.0
550 571 1.0
551 950 1.0
552 591 1.0
552 952 1.0
554 692 1.0
556 832 1.0
558 848 1.0
561 660 1.0
562 712 1.0
563 892 1.0
563 795 1.0
563 980 1.0
564 712 1.0
566 724 1.0
568 600 1.0
569 848 1.0
571 848 1.0
571 997 1.0
573 690 1.0
573 892 1.0
573 832 1.0
573 635 1.0
573 980 1.0
573 737 1.0
573 683 1.0
573 859 1.0
573 814 1.0
573 660 1.0
574 980 1.0
577 938 1.0
577 751 1.0
577 918 1.0
577 980 1.0
577 962 1.0
578 848 1.0
578 660 1.0
579 976 1.0
580 704 1.0
580 848 1.0
580 938 1.0
580 980 1.0
580 1000 1.0
580 625 1.0
581 775 1.0
581 911 1.0
581 918 1.0
581 783 1.0
581 737 1.0
584 675 1.0
585 745 1.0
587 893 1.0
588 980 1.0
590 700 1.0
591 848 1.0
593 821 1.0
596 967 1.0
597 910 1.0
598 848 1.0
600 688 1.0
600 635 1.0
600 606 1.0
600 628 1.0
600 980 1.0
600 655 1.0
600 617 1.0
600 608 1.0
600 627 1.0
600 848 1.0
600 810 1.0
600 952 1.0
600 823 1.0
600 683 1.0
600 660 1.0
600 967 1.0
600 969 1.0
600 814 1.0
600 727 1.0
600 983 1.0
600 972 1.0
600 821 1.0
600 907 1.0
600 797 1.0
600 866 1.0
600 712 1.0
601 966 1.0
604 810 1.0
605 702 1.0
606 980 1.0
606 966 1.0
606 695 1.0
606 708 1.0
606 748 1.0
606 993 1.0
606 848 1.0
607 848 1.0
607 712 1.0
607 635 1.0
608 664 1.0
608 635 1.0
609 668 1.0
611 951 1.0
613 644 1.0
615 848 1.0
615 980 1.0
615 780 1.0
615 979 1.0
615 635 1.0
616 980 1.0
618 848 1.0
619 661 1.0
619 976 1.0
622 780 1.0
624 832 1.0
626 765 1.0
627 962 1.0
627 712 1.0
627 892 1.0
627 825 1.0
627 848 1.0
627 941 1.0
627 635 1.0
627 660 1.0
627 968 1.0
627 980 1.0
628 848 1.0
629 821 1.0
630 776 1.0
631 909 1.0
635 813 1.0
635 821 1.0
635 719 1.0
635 891 1.0
635 848 1.0
635 946 1.0
635 991 1.0
635 866 1.0
635 980 1.0
635 919 1.0
635 979 1.0
635 760 1.0
635 670 1.0
635 950 1.0
635 717 1.0
635 708 1.0
635 990 1.0
635 922 1.0
635 709 1.0
635 832 1.0
635 660 1.0
635 903 1.0
635 816 1.0
635 896 1.0
635 777 1.0
635 814 1.0
635 952 1.0
635 768 1.0
635 836 1.0
635 938 1.0
638 832 1.0
641 852 1.0
643 848 1.0
645 832 1.0
646 918 1.0
647 952 1.0
649 708 1.0
650 974 1.0
650 691 1.0
653 848 1.0
656 971 1.0
660 808 1.0
660 749 1.0
660 821 1.0
660 863 1.0
660 980 1.0
660 940 1.0
660 848 1.0
660 810 1.0
660 771 1.0
660 900 1.0
660 819 1.0
660 904 1.0
660 799 1.0
660 832 1.0
660 965 1.0
660 814 1.0
660 837 1.0
660 925 1.0
660 708 1.0
660 969 1.0
666 821 1.0
666 921 1.0
667 980 1.0
668 962 1.0
672 866 1.0
672 977 1.0
673 962 1.0
674 842 1.0
675 859 1.0
675 709 1.0
675 736 1.0
675 967 1.0
676 821 1.0
677 866 1.0
677 832 1.0
678 966 1.0
679 848 1.0
683 712 1.0
683 848 1.0
683 906 1.0
683 694 1.0
683 821 1.0
683 980 1.0
684 980 1.0
686 724 1.0
686 712 1.0
686 860 1.0
686 735 1.0
686 991 1.0
686 764 1.0
686 980 1.0
686 938 1.0
688 850 1.0
688 980 1.0
688 896 1.0
688 848 1.0
689 832 1.0
690 848 1.0
692 848 1.0
692 967 1.0
696 712 1.0
697 848 1.0
698 848 1.0
698 980 1.0
699 952 1.0
699 720 1.0
700 930 1.0
700 969 1.0
701 731 1.0
704 980 1.0
705 970 1.0
706 967 1.0
708 903 1.0
708 712 1.0
708 813 1.0
708 974 1.0
708 898 1.0
708 832 1.0
708 848 1.0
711 810 1.0
712 809 1.0
712 745 1.0
712 938 1.0
712 832 1.0
713 807 1.0
714 810 1.0
716 960 1.0
717 856 1.0
719 861 1.0
719 832 1.0
719 782 1.0
719 980 1.0
719 848 1.0
721 907 1.0
721 879 1.0
724 841 1.0
724 980 1.0
725 770 1.0
727 839 1.0
729 963 1.0
732 971 1.0
733 774 1.0
737 866 1.0
740 903 1.0
743 881 1.0
746 832 1.0
750 848 1.0
751 1000 1.0
751 945 1.0
751 848 1.0
757 848 1.0
762 786 1.0
767 919 1.0
767 988 1.0
769 848 1.0
773 924 1.0
775 1000 1.0
776 848 1.0
776 1000 1.0
778 848 1.0
781 957 1.0
785 908 1.0
788 848 1.0
790 952 1.0
790 980 1.0
792 972 1.0
793 945 1.0
793 919 1.0
794 948 1.0
795 866 1.0
795 980 1.0
797 956 1.0
799 994 1.0
799 810 1.0
799 847 1.0
800 980 1.0
804 976 1.0
805 821 1.0
809 848 1.0
809 941 1.0
810 851 1.0
810 847 1.0
810 889 1.0
810 980 1.0
810 880 1.0
810 969 1.0
810 990 1.0
810 962 1.0
810 831 1.0
810 848 1.0
813 848 1.0
813 896 1.0
813 936 1.0
813 980 1.0
813 821 1.0
814 1000 1.0
814 980 1.0
814 848 1.0
821 880 1.0
821 848 1.0
821 890 1.0
827 980 1.0
829 848 1.0
832 990 1.0
832 848 1.0
832 952 1.0
832 948 1.0
832 839 1.0
832 851 1.0
832 937 1.0
832 980 1.0
832 1000 1.0
832 941 1.0
832 856 1.0
832 907 1.0
832 969 1.0
834 980 1.0
837 948 1.0
840 948 1.0
842 986 1.0
842 985 1.0
843 952 1.0
843 916 1.0
843 938 1.0
846 866 1.0
846 877 1.0
848 980 1.0
848 938 1.0
848 999 1.0
848 991 1.0
848 964 1.0
848 934 1.0
848 913 1.0
848 962 1.0
848 946 1.0
848 1000 1.0
848 892 1.0
848 952 1.0
848 972 1.0
848 850 1.0
848 982 1.0
848 969 1.0
848 878 1.0
848 864 1.0
848 866 1.0
848 950 1.0
848 959 1.0
848 928 1.0
848 975 1.0
851 928 1.0
851 966 1.0
854 890 1.0
859 902 1.0
859 962 1.0
862 877 1.0
864 969 1.0
866 980 1.0
866 945 1.0
869 952 1.0
873 980 1.0
874 980 1.0
875 978 1.0
876 1000 1.0
884 980 1.0
885 948 1.0
889 990 1.0
892 953 1.0
892 933 1.0
894 901 1.0
894 980 1.0
896 955 1.0
917 980 1.0
917 969 1.0
919 962 1.0
923 980 1.0
928 980 1.0
928 981 1.0
928 969 1.0
938 980 1.0
946 980 1.0
947 961 1.0
948 980 1.0
952 980 1.0
962 969 1.0
966 969 1.0
967 1000 1.0
969 995 1.0
979 1000 1.0
980 1000 1.0
