*vertices 1000
1 0 0.0 0.0 ellipse
2 1 0.0 0.0 ellipse
3 2 0.0 0.0 ellipse
4 3 0.0 0.0 ellipse
5 4 0.0 0.0 ellipse
6 5 0.0 0.0 ellipse
7 6 0.0 0.0 ellipse
8 7 0.0 0.0 ellipse
9 8 0.0 0.0 ellipse
10 9 0.0 0.0 ellipse
11 10 0.0 0.0 ellipse
12 11 0.0 0.0 ellipse
13 12 0.0 0.0 ellipse
14 13 0.0 0.0 ellipse
15 14 0.0 0.0 ellipse
16 15 0.0 0.0 ellipse
17 16 0.0 0.0 ellipse
18 17 0.0 0.0 ellipse
19 18 0.0 0.0 ellipse
20 19 0.0 0.0 ellipse
21 20 0.0 0.0 ellipse
22 21 0.0 0.0 ellipse
23 22 0.0 0.0 ellipse
24 23 0.0 0.0 ellipse
25 24 0.0 0.0 ellipse
26 25 0.0 0.0 ellipse
27 26 0.0 0.0 ellipse
28 27 0.0 0.0 ellipse
29 28 0.0 0.0 ellipse
30 29 0.0 0.0 ellipse
31 30 0.0 0.0 ellipse
32 31 0.0 0.0 ellipse
33 32 0.0 0.0 ellipse
34 33 0.0 0.0 ellipse
35 34 0.0 0.0 ellipse
36 35 0.0 0.0 ellipse
37 36 0.0 0.0 ellipse
38 37 0.0 0.0 ellipse
39 38 0.0 0.0 ellipse
40 39 0.0 0.0 ellipse
41 40 0.0 0.0 ellipse
42 41 0.0 0.0 ellipse
43 42 0.0 0.0 ellipse
44 43 0.0 0.0 ellipse
45 44 0.0 0.0 ellipse
46 45 0.0 0.0 ellipse
47 46 0.0 0.0 ellipse
48 47 0.0 0.0 ellipse
49 48 0.0 0.0 ellipse
50 49 0.0 0.0 ellipse
51 50 0.0 0.0 ellipse
52 51 0.0 0.0 ellipse
53 52 0.0 0.0 ellipse
54 53 0.0 0.0 ellipse
55 54 0.0 0.0 ellipse
56 55 0.0 0.0 ellipse
57 56 0.0 0.0 ellipse
58 57 0.0 0.0 ellipse
59 58 0.0 0.0 ellipse
60 59 0.0 0.0 ellipse
61 60 0.0 0.0 ellipse
62 61 0.0 0.0 ellipse
63 62 0.0 0.0 ellipse
64 63 0.0 0.0 ellipse
65 64 0.0 0.0 ellipse
66 65 0.0 0.0 ellipse
67 66 0.0 0.0 ellipse
68 67 0.0 0.0 ellipse
69 68 0.0 0.0 ellipse
70 69 0.0 0.0 ellipse
71 70 0.0 0.0 ellipse
72 71 0.0 0.0 ellipse
73 72 0.0 0.0 ellipse
74 73 0.0 0.0 ellipse
75 74 0.0 0.0 ellipse
76 75 0.0 0.0 ellipse
77 76 0.0 0.0 ellipse
78 77 0.0 0.0 ellipse
79 78 0.0 0.0 ellipse
80 79 0.0 0.0 ellipse
81 80 0.0 0.0 ellipse
82 81 0.0 0.0 ellipse
83 82 0.0 0.0 ellipse
84 83 0.0 0.0 ellipse
85 84 0.0 0.0 ellipse
86 85 0.0 0.0 ellipse
87 86 0.0 0.0 ellipse
88 87 0.0 0.0 ellipse
89 88 0.0 0.0 ellipse
90 89 0.0 0.0 ellipse
91 90 0.0 0.0 ellipse
92 91 0.0 0.0 ellipse
93 92 0.0 0.0 ellipse
94 93 0.0 0.0 ellipse
95 94 0.0 0.0 ellipse
96 95 0.0 0.0 ellipse
97 96 0.0 0.0 ellipse
98 97 0.0 0.0 ellipse
99 98 0.0 0.0 ellipse
100 99 0.0 0.0 ellipse
101 100 0.0 0.0 ellipse
102 101 0.0 0.0 ellipse
103 102 0.0 0.0 ellipse
104 103 0.0 0.0 ellipse
105 104 0.0 0.0 ellipse
106 105 0.0 0.0 ellipse
107 106 0.0 0.0 ellipse
108 107 0.0 0.0 ellipse
109 108 0.0 0.0 ellipse
110 109 0.0 0.0 ellipse
111 110 0.0 0.0 ellipse
112 111 0.0 0.0 ellipse
113 112 0.0 0.0 ellipse
114 113 0.0 0.0 ellipse
115 114 0.0 0.0 ellipse
116 115 0.0 0.0 ellipse
117 116 0.0 0.0 ellipse
118 117 0.0 0.0 ellipse
119 118 0.0 0.0 ellipse
120 119 0.0 0.0 ellipse
121 120 0.0 0.0 ellipse
122 121 0.0 0.0 ellipse
123 122 0.0 0.0 ellipse
124 123 0.0 0.0 ellipse
125 124 0.0 0.0 ellipse
126 125 0.0 0.0 ellipse
127 126 0.0 0.0 ellipse
128 127 0.0 0.0 ellipse
129 128 0.0 0.0 ellipse
130 129 0.0 0.0 ellipse
131 130 0.0 0.0 ellipse
132 131 0.0 0.0 ellipse
133 132 0.0 0.0 ellipse
134 133 0.0 0.0 ellipse
135 134 0.0 0.0 ellipse
136 135 0.0 0.0 ellipse
137 136 0.0 0.0 ellipse
138 137 0.0 0.0 ellipse
139 138 0.0 0.0 ellipse
140 139 0.0 0.0 ellipse
141 140 0.0 0.0 ellipse
142 141 0.0 0.0 ellipse
143 142 0.0 0.0 ellipse
144 143 0.0 0.0 ellipse
145 144 0.0 0.0 ellipse
146 145 0.0 0.0 ellipse
147 146 0.0 0.0 ellipse
148 147 0.0 0.0 ellipse
149 148 0.0 0.0 ellipse
150 149 0.0 0.0 ellipse
151 150 0.0 0.0 ellipse
152 151 0.0 0.0 ellipse
153 152 0.0 0.0 ellipse
154 153 0.0 0.0 ellipse
155 154 0.0 0.0 ellipse
156 155 0.0 0.0 ellipse
157 156 0.0 0.0 ellipse
158 157 0.0 0.0 ellipse
159 158 0.0 0.0 ellipse
160 159 0.0 0.0 ellipse
161 160 0.0 0.0 ellipse
162 161 0.0 0.0 ellipse
163 162 0.0 0.0 ellipse
164 163 0.0 0.0 ellipse
165 164 0.0 0.0 ellipse
166 165 0.0 0.0 ellipse
167 166 0.0 0.0 ellipse
168 167 0.0 0.0 ellipse
169 168 0.0 0.0 ellipse
170 169 0.0 0.0 ellipse
171 170 0.0 0.0 ellipse
172 171 0.0 0.0 ellipse
173 172 0.0 0.0 ellipse
174 173 0.0 0.0 ellipse
175 174 0.0 0.0 ellipse
176 175 0.0 0.0 ellipse
177 176 0.0 0.0 ellipse
178 177 0.0 0.0 ellipse
179 178 0.0 0.0 ellipse
180 179 0.0 0.0 ellipse
181 180 0.0 0.0 ellipse
182 181 0.0 0.0 ellipse
183 182 0.0 0.0 ellipse
184 183 0.0 0.0 ellipse
185 184 0.0 0.0 ellipse
186 185 0.0 0.0 ellipse
187 186 0.0 0.0 ellipse
188 187 0.0 0.0 ellipse
189 188 0.0 0.0 ellipse
190 189 0.0 0.0 ellipse
191 190 0.0 0.0 ellipse
192 191 0.0 0.0 ellipse
193 192 0.0 0.0 ellipse
194 193 0.0 0.0 ellipse
195 194 0.0 0.0 ellipse
196 195 0.0 0.0 ellipse
197 196 0.0 0.0 ellipse
198 197 0.0 0.0 ellipse
199 198 0.0 0.0 ellipse
200 199 0.0 0.0 ellipse
201 200 0.0 0.0 ellipse
202 201 0.0 0.0 ellipse
203 202 0.0 0.0 ellipse
204 203 0.0 0.0 ellipse
205 204 0.0 0.0 ellipse
206 205 0.0 0.0 ellipse
207 206 0.0 0.0 ellipse
208 207 0.0 0.0 ellipse
209 208 0.0 0.0 ellipse
210 209 0.0 0.0 ellipse
211 210 0.0 0.0 ellipse
212 211 0.0 0.0 ellipse
213 212 0.0 0.0 ellipse
214 213 0.0 0.0 ellipse
215 214 0.0 0.0 ellipse
216 215 0.0 0.0 ellipse
217 216 0.0 0.0 ellipse
218 217 0.0 0.0 ellipse
219 218 0.0 0.0 ellipse
220 219 0.0 0.0 ellipse
221 220 0.0 0.0 ellipse
222 221 0.0 0.0 ellipse
223 222 0.0 0.0 ellipse
224 223 0.0 0.0 ellipse
225 224 0.0 0.0 ellipse
226 225 0.0 0.0 ellipse
227 226 0.0 0.0 ellipse
228 227 0.0 0.0 ellipse
229 228 0.0 0.0 ellipse
230 229 0.0 0.0 ellipse
231 230 0.0 0.0 ellipse
232 231 0.0 0.0 ellipse
233 232 0.0 0.0 ellipse
234 233 0.0 0.0 ellipse
235 234 0.0 0.0 ellipse
236 235 0.0 0.0 ellipse
237 236 0.0 0.0 ellipse
238 237 0.0 0.0 ellipse
239 238 0.0 0.0 ellipse
240 239 0.0 0.0 ellipse
241 240 0.0 0.0 ellipse
242 241 0.0 0.0 ellipse
243 242 0.0 0.0 ellipse
244 243 0.0 0.0 ellipse
245 244 0.0 0.0 ellipse
246 245 0.0 0.0 ellipse
247 246 0.0 0.0 ellipse
248 247 0.0 0.0 ellipse
249 248 0.0 0.0 ellipse
250 249 0.0 0.0 ellipse
251 250 0.0 0.0 ellipse
252 251 0.0 0.0 ellipse
253 252 0.0 0.0 ellipse
254 253 0.0 0.0 ellipse
255 254 0.0 0.0 ellipse
256 255 0.0 0.0 ellipse
257 256 0.0 0.0 ellipse
258 257 0.0 0.0 ellipse
259 258 0.0 0.0 ellipse
260 259 0.0 0.0 ellipse
261 260 0.0 0.0 ellipse
262 261 0.0 0.0 ellipse
263 262 0.0 0.0 ellipse
264 263 0.0 0.0 ellipse
265 264 0.0 0.0 ellipse
266 265 0.0 0.0 ellipse
267 266 0.0 0.0 ellipse
268 267 0.0 0.0 ellipse
269 268 0.0 0.0 ellipse
270 269 0.0 0.0 ellipse
271 270 0.0 0.0 ellipse
272 271 0.0 0.0 ellipse
273 272 0.0 0.0 ellipse
274 273 0.0 0.0 ellipse
275 274 0.0 0.0 ellipse
276 275 0.0 0.0 ellipse
277 276 0.0 0.0 ellipse
278 277 0.0 0.0 ellipse
279 278 0.0 0.0 ellipse
280 279 0.0 0.0 ellipse
281 280 0.0 0.0 ellipse
282 281 0.0 0.0 ellipse
283 282 0.0 0.0 ellipse
284 283 0.0 0.0 ellipse
285 284 0.0 0.0 ellipse
286 285 0.0 0.0 ellipse
287 286 0.0 0.0 ellipse
288 287 0.0 0.0 ellipse
289 288 0.0 0.0 ellipse
290 289 0.0 0.0 ellipse
291 290 0.0 0.0 ellipse
292 291 0.0 0.0 ellipse
293 292 0.0 0.0 ellipse
294 293 0.0 0.0 ellipse
295 294 0.0 0.0 ellipse
296 295 0.0 0.0 ellipse
297 296 0.0 0.0 ellipse
298 297 0.0 0.0 ellipse
299 298 0.0 0.0 ellipse
300 299 0.0 0.0 ellipse
301 300 0.0 0.0 ellipse
302 301 0.0 0.0 ellipse
303 302 0.0 0.0 ellipse
304 303 0.0 0.0 ellipse
305 304 0.0 0.0 ellipse
306 305 0.0 0.0 ellipse
307 306 0.0 0.0 ellipse
308 307 0.0 0.0 ellipse
309 308 0.0 0.0 ellipse
310 309 0.0 0.0 ellipse
311 310 0.0 0.0 ellipse
312 311 0.0 0.0 ellipse
313 312 0.0 0.0 ellipse
314 313 0.0 0.0 ellipse
315 314 0.0 0.0 ellipse
316 315 0.0 0.0 ellipse
317 316 0.0 0.0 ellipse
318 317 0.0 0.0 ellipse
319 318 0.0 0.0 ellipse
320 319 0.0 0.0 ellipse
321 320 0.0 0.0 ellipse
322 321 0.0 0.0 ellipse
323 322 0.0 0.0 ellipse
324 323 0.0 0.0 ellipse
325 324 0.0 0.0 ellipse
326 325 0.0 0.0 ellipse
327 326 0.0 0.0 ellipse
328 327 0.0 0.0 ellipse
329 328 0.0 0.0 ellipse
330 329 0.0 0.0 ellipse
331 330 0.0 0.0 ellipse
332 331 0.0 0.0 ellipse
333 332 0.0 0.0 ellipse
334 333 0.0 0.0 ellipse
335 334 0.0 0.0 ellipse
336 335 0.0 0.0 ellipse
337 336 0.0 0.0 ellipse
338 337 0.0 0.0 ellipse
339 338 0.0 0.0 ellipse
340 339 0.0 0.0 ellipse
341 340 0.0 0.0 ellipse
342 341 0.0 0.0 ellipse
343 342 0.0 0.0 ellipse
344 343 0.0 0.0 ellipse
345 344 0.0 0.0 ellipse
346 345 0.0 0.0 ellipse
347 346 0.0 0.0 ellipse
348 347 0.0 0.0 ellipse
349 348 0.0 0.0 ellipse
350 349 0.0 0.0 ellipse
351 350 0.0 0.0 ellipse
352 351 0.0 0.0 ellipse
353 352 0.0 0.0 ellipse
354 353 0.0 0.0 ellipse
355 354 0.0 0.0 ellipse
356 355 0.0 0.0 ellipse
357 356 0.0 0.0 ellipse
358 357 0.0 0.0 ellipse
359 358 0.0 0.0 ellipse
360 359 0.0 0.0 ellipse
361 360 0.0 0.0 ellipse
362 361 0.0 0.0 ellipse
363 362 0.0 0.0 ellipse
364 363 0.0 0.0 ellipse
365 364 0.0 0.0 ellipse
366 365 0.0 0.0 ellipse
367 366 0.0 0.0 ellipse
368 367 0.0 0.0 ellipse
369 368 0.0 0.0 ellipse
370 369 0.0 0.0 ellipse
371 370 0.0 0.0 ellipse
372 371 0.0 0.0 ellipse
373 372 0.0 0.0 ellipse
374 373 0.0 0.0 ellipse
375 374 0.0 0.0 ellipse
376 375 0.0 0.0 ellipse
377 376 0.0 0.0 ellipse
378 377 0.0 0.0 ellipse
379 378 0.0 0.0 ellipse
380 379 0.0 0.0 ellipse
381 380 0.0 0.0 ellipse
382 381 0.0 0.0 ellipse
383 382 0.0 0.0 ellipse
384 383 0.0 0.0 ellipse
385 384 0.0 0.0 ellipse
386 385 0.0 0.0 ellipse
387 386 0.0 0.0 ellipse
388 387 0.0 0.0 ellipse
389 388 0.0 0.0 ellipse
390 389 0.0 0.0 ellipse
391 390 0.0 0.0 ellipse
392 391 0.0 0.0 ellipse
393 392 0.0 0.0 ellipse
394 393 0.0 0.0 ellipse
395 394 0.0 0.0 ellipse
396 395 0.0 0.0 ellipse
397 396 0.0 0.0 ellipse
398 397 0.0 0.0 ellipse
399 398 0.0 0.0 ellipse
400 399 0.0 0.0 ellipse
401 400 0.0 0.0 ellipse
402 401 0.0 0.0 ellipse
403 402 0.0 0.0 ellipse
404 403 0.0 0.0 ellipse
405 404 0.0 0.0 ellipse
406 405 0.0 0.0 ellipse
407 406 0.0 0.0 ellipse
408 407 0.0 0.0 ellipse
409 408 0.0 0.0 ellipse
410 409 0.0 0.0 ellipse
411 410 0.0 0.0 ellipse
412 411 0.0 0.0 ellipse
413 412 0.0 0.0 ellipse
414 413 0.0 0.0 ellipse
415 414 0.0 0.0 ellipse
416 415 0.0 0.0 ellipse
417 416 0.0 0.0 ellipse
418 417 0.0 0.0 ellipse
419 418 0.0 0.0 ellipse
420 419 0.0 0.0 ellipse
421 420 0.0 0.0 ellipse
422 421 0.0 0.0 ellipse
423 422 0.0 0.0 ellipse
424 423 0.0 0.0 ellipse
425 424 0.0 0.0 ellipse
426 425 0.0 0.0 ellipse
427 426 0.0 0.0 ellipse
428 427 0.0 0.0 ellipse
429 428 0.0 0.0 ellipse
430 429 0.0 0.0 ellipse
431 430 0.0 0.0 ellipse
432 431 0.0 0.0 ellipse
433 432 0.0 0.0 ellipse
434 433 0.0 0.0 ellipse
435 434 0.0 0.0 ellipse
436 435 0.0 0.0 ellipse
437 436 0.0 0.0 ellipse
438 437 0.0 0.0 ellipse
439 438 0.0 0.0 ellipse
440 439 0.0 0.0 ellipse
441 440 0.0 0.0 ellipse
442 441 0.0 0.0 ellipse
443 442 0.0 0.0 ellipse
444 443 0.0 0.0 ellipse
445 444 0.0 0.0 ellipse
446 445 0.0 0.0 ellipse
447 446 0.0 0.0 ellipse
448 447 0.0 0.0 ellipse
449 448 0.0 0.0 ellipse
450 449 0.0 0.0 ellipse
451 450 0.0 0.0 ellipse
452 451 0.0 0.0 ellipse
453 452 0.0 0.0 ellipse
454 453 0.0 0.0 ellipse
455 454 0.0 0.0 ellipse
456 455 0.0 0.0 ellipse
457 456 0.0 0.0 ellipse
458 457 0.0 0.0 ellipse
459 458 0.0 0.0 ellipse
460 459 0.0 0.0 ellipse
461 460 0.0 0.0 ellipse
462 461 0.0 0.0 ellipse
463 462 0.0 0.0 ellipse
464 463 0.0 0.0 ellipse
465 464 0.0 0.0 ellipse
466 465 0.0 0.0 ellipse
467 466 0.0 0.0 ellipse
468 467 0.0 0.0 ellipse
469 468 0.0 0.0 ellipse
470 469 0.0 0.0 ellipse
471 470 0.0 0.0 ellipse
472 471 0.0 0.0 ellipse
473 472 0.0 0.0 ellipse
474 473 0.0 0.0 ellipse
475 474 0.0 0.0 ellipse
476 475 0.0 0.0 ellipse
477 476 0.0 0.0 ellipse
478 477 0.0 0.0 ellipse
479 478 0.0 0.0 ellipse
480 479 0.0 0.0 ellipse
481 480 0.0 0.0 ellipse
482 481 0.0 0.0 ellipse
483 482 0.0 0.0 ellipse
484 483 0.0 0.0 ellipse
485 484 0.0 0.0 ellipse
486 485 0.0 0.0 ellipse
487 486 0.0 0.0 ellipse
488 487 0.0 0.0 ellipse
489 488 0.0 0.0 ellipse
490 489 0.0 0.0 ellipse
491 490 0.0 0.0 ellipse
492 491 0.0 0.0 ellipse
493 492 0.0 0.0 ellipse
494 493 0.0 0.0 ellipse
495 494 0.0 0.0 ellipse
496 495 0.0 0.0 ellipse
497 496 0.0 0.0 ellipse
498 497 0.0 0.0 ellipse
499 498 0.0 0.0 ellipse
500 499 0.0 0.0 ellipse
501 500 0.0 0.0 ellipse
502 501 0.0 0.0 ellipse
503 502 0.0 0.0 ellipse
504 503 0.0 0.0 ellipse
505 504 0.0 0.0 ellipse
506 505 0.0 0.0 ellipse
507 506 0.0 0.0 ellipse
508 507 0.0 0.0 ellipse
509 508 0.0 0.0 ellipse
510 509 0.0 0.0 ellipse
511 510 0.0 0.0 ellipse
512 511 0.0 0.0 ellipse
513 512 0.0 0.0 ellipse
514 513 0.0 0.0 ellipse
515 514 0.0 0.0 ellipse
516 515 0.0 0.0 ellipse
517 516 0.0 0.0 ellipse
518 517 0.0 0.0 ellipse
519 518 0.0 0.0 ellipse
520 519 0.0 0.0 ellipse
521 520 0.0 0.0 ellipse
522 521 0.0 0.0 ellipse
523 522 0.0 0.0 ellipse
524 523 0.0 0.0 ellipse
525 524 0.0 0.0 ellipse
526 525 0.0 0.0 ellipse
527 526 0.0 0.0 ellipse
528 527 0.0 0.0 ellipse
529 528 0.0 0.0 ellipse
530 529 0.0 0.0 ellipse
531 530 0.0 0.0 ellipse
532 531 0.0 0.0 ellipse
533 532 0.0 0.0 ellipse
534 533 0.0 0.0 ellipse
535 534 0.0 0.0 ellipse
536 535 0.0 0.0 ellipse
537 536 0.0 0.0 ellipse
538 537 0.0 0.0 ellipse
539 538 0.0 0.0 ellipse
540 539 0.0 0.0 ellipse
541 540 0.0 0.0 ellipse
542 541 0.0 0.0 ellipse
543 542 0.0 0.0 ellipse
544 543 0.0 0.0 ellipse
545 544 0.0 0.0 ellipse
546 545 0.0 0.0 ellipse
547 546 0.0 0.0 ellipse
548 547 0.0 0.0 ellipse
549 548 0.0 0.0 ellipse
550 549 0.0 0.0 ellipse
551 550 0.0 0.0 ellipse
552 551 0.0 0.0 ellipse
553 552 0.0 0.0 ellipse
554 553 0.0 0.0 ellipse
555 554 0.0 0.0 ellipse
556 555 0.0 0.0 ellipse
557 556 0.0 0.0 ellipse
558 557 0.0 0.0 ellipse
559 558 0.0 0.0 ellipse
560 559 0.0 0.0 ellipse
561 560 0.0 0.0 ellipse
562 561 0.0 0.0 ellipse
563 562 0.0 0.0 ellipse
564 563 0.0 0.0 ellipse
565 564 0.0 0.0 ellipse
566 565 0.0 0.0 ellipse
567 566 0.0 0.0 ellipse
568 567 0.0 0.0 ellipse
569 568 0.0 0.0 ellipse
570 569 0.0 0.0 ellipse
571 570 0.0 0.0 ellipse
572 571 0.0 0.0 ellipse
573 572 0.0 0.0 ellipse
574 573 0.0 0.0 ellipse
575 574 0.0 0.0 ellipse
576 575 0.0 0.0 ellipse
577 576 0.0 0.0 ellipse
578 577 0.0 0.0 ellipse
579 578 0.0 0.0 ellipse
580 579 0.0 0.0 ellipse
581 580 0.0 0.0 ellipse
582 581 0.0 0.0 ellipse
583 582 0.0 0.0 ellipse
584 583 0.0 0.0 ellipse
585 584 0.0 0.0 ellipse
586 585 0.0 0.0 ellipse
587 586 0.0 0.0 ellipse
588 587 0.0 0.0 ellipse
589 588 0.0 0.0 ellipse
590 589 0.0 0.0 ellipse
591 590 0.0 0.0 ellipse
592 591 0.0 0.0 ellipse
593 592 0.0 0.0 ellipse
594 593 0.0 0.0 ellipse
595 594 0.0 0.0 ellipse
596 595 0.0 0.0 ellipse
597 596 0.0 0.0 ellipse
598 597 0.0 0.0 ellipse
599 598 0.0 0.0 ellipse
600 599 0.0 0.0 ellipse
601 600 0.0 0.0 ellipse
602 601 0.0 0.0 ellipse
603 602 0.0 0.0 ellipse
604 603 0.0 0.0 ellipse
605 604 0.0 0.0 ellipse
606 605 0.0 0.0 ellipse
607 606 0.0 0.0 ellipse
608 607 0.0 0.0 ellipse
609 608 0.0 0.0 ellipse
610 609 0.0 0.0 ellipse
611 610 0.0 0.0 ellipse
612 611 0.0 0.0 ellipse
613 612 0.0 0.0 ellipse
614 613 0.0 0.0 ellipse
615 614 0.0 0.0 ellipse
616 615 0.0 0.0 ellipse
617 616 0.0 0.0 ellipse
618 617 0.0 0.0 ellipse
619 618 0.0 0.0 ellipse
620 619 0.0 0.0 ellipse
621 620 0.0 0.0 ellipse
622 621 0.0 0.0 ellipse
623 622 0.0 0.0 ellipse
624 623 0.0 0.0 ellipse
625 624 0.0 0.0 ellipse
626 625 0.0 0.0 ellipse
627 626 0.0 0.0 ellipse
628 627 0.0 0.0 ellipse
629 628 0.0 0.0 ellipse
630 629 0.0 0.0 ellipse
631 630 0.0 0.0 ellipse
632 631 0.0 0.0 ellipse
633 632 0.0 0.0 ellipse
634 633 0.0 0.0 ellipse
635 634 0.0 0.0 ellipse
636 635 0.0 0.0 ellipse
637 636 0.0 0.0 ellipse
638 637 0.0 0.0 ellipse
639 638 0.0 0.0 ellipse
640 639 0.0 0.0 ellipse
641 640 0.0 0.0 ellipse
642 641 0.0 0.0 ellipse
643 642 0.0 0.0 ellipse
644 643 0.0 0.0 ellipse
645 644 0.0 0.0 ellipse
646 645 0.0 0.0 ellipse
647 646 0.0 0.0 ellipse
648 647 0.0 0.0 ellipse
649 648 0.0 0.0 ellipse
650 649 0.0 0.0 ellipse
651 650 0.0 0.0 ellipse
652 651 0.0 0.0 ellipse
653 652 0.0 0.0 ellipse
654 653 0.0 0.0 ellipse
655 654 0.0 0.0 ellipse
656 655 0.0 0.0 ellipse
657 656 0.0 0.0 ellipse
658 657 0.0 0.0 ellipse
659 658 0.0 0.0 ellipse
660 659 0.0 0.0 ellipse
661 660 0.0 0.0 ellipse
662 661 0.0 0.0 ellipse
663 662 0.0 0.0 ellipse
664 663 0.0 0.0 ellipse
665 664 0.0 0.0 ellipse
666 665 0.0 0.0 ellipse
667 666 0.0 0.0 ellipse
668 667 0.0 0.0 ellipse
669 668 0.0 0.0 ellipse
670 669 0.0 0.0 ellipse
671 670 0.0 0.0 ellipse
672 671 0.0 0.0 ellipse
673 672 0.0 0.0 ellipse
674 673 0.0 0.0 ellipse
675 674 0.0 0.0 ellipse
676 675 0.0 0.0 ellipse
677 676 0.0 0.0 ellipse
678 677 0.0 0.0 ellipse
679 678 0.0 0.0 ellipse
680 679 0.0 0.0 ellipse
681 680 0.0 0.0 ellipse
682 681 0.0 0.0 ellipse
683 682 0.0 0.0 ellipse
684 683 0.0 0.0 ellipse
685 684 0.0 0.0 ellipse
686 685 0.0 0.0 ellipse
687 686 0.0 0.0 ellipse
688 687 0.0 0.0 ellipse
689 688 0.0 0.0 ellipse
690 689 0.0 0.0 ellipse
691 690 0.0 0.0 ellipse
692 691 0.0 0.0 ellipse
693 692 0.0 0.0 ellipse
694 693 0.0 0.0 ellipse
695 694 0.0 0.0 ellipse
696 695 0.0 0.0 ellipse
697 696 0.0 0.0 ellipse
698 697 0.0 0.0 ellipse
699 698 0.0 0.0 ellipse
700 699 0.0 0.0 ellipse
701 700 0.0 0.0 ellipse
702 701 0.0 0.0 ellipse
703 702 0.0 0.0 ellipse
704 703 0.0 0.0 ellipse
705 704 0.0 0.0 ellipse
706 705 0.0 0.0 ellipse
707 706 0.0 0.0 ellipse
708 707 0.0 0.0 ellipse
709 708 0.0 0.0 ellipse
710 709 0.0 0.0 ellipse
711 710 0.0 0.0 ellipse
712 711 0.0 0.0 ellipse
713 712 0.0 0.0 ellipse
714 713 0.0 0.0 ellipse
715 714 0.0 0.0 ellipse
716 715 0.0 0.0 ellipse
717 716 0.0 0.0 ellipse
718 717 0.0 0.0 ellipse
719 718 0.0 0.0 ellipse
720 719 0.0 0.0 ellipse
721 720 0.0 0.0 ellipse
722 721 0.0 0.0 ellipse
723 722 0.0 0.0 ellipse
724 723 0.0 0.0 ellipse
725 724 0.0 0.0 ellipse
726 725 0.0 0.0 ellipse
727 726 0.0 0.0 ellipse
728 727 0.0 0.0 ellipse
729 728 0.0 0.0 ellipse
730 729 0.0 0.0 ellipse
731 730 0.0 0.0 ellipse
732 731 0.0 0.0 ellipse
733 732 0.0 0.0 ellipse
734 733 0.0 0.0 ellipse
735 734 0.0 0.0 ellipse
736 735 0.0 0.0 ellipse
737 736 0.0 0.0 ellipse
738 737 0.0 0.0 ellipse
739 738 0.0 0.0 ellipse
740 739 0.0 0.0 ellipse
741 740 0.0 0.0 ellipse
742 741 0.0 0.0 ellipse
743 742 0.0 0.0 ellipse
744 743 0.0 0.0 ellipse
745 744 0.0 0.0 ellipse
746 745 0.0 0.0 ellipse
747 746 0.0 0.0 ellipse
748 747 0.0 0.0 ellipse
749 748 0.0 0.0 ellipse
750 749 0.0 0.0 ellipse
751 750 0.0 0.0 ellipse
752 751 0.0 0.0 ellipse
753 752 0.0 0.0 ellipse
754 753 0.0 0.0 ellipse
755 754 0.0 0.0 ellipse
756 755 0.0 0.0 ellipse
757 756 0.0 0.0 ellipse
758 757 0.0 0.0 ellipse
759 758 0.0 0.0 ellipse
760 759 0.0 0.0 ellipse
761 760 0.0 0.0 ellipse
762 761 0.0 0.0 ellipse
763 762 0.0 0.0 ellipse
764 763 0.0 0.0 ellipse
765 764 0.0 0.0 ellipse
766 765 0.0 0.0 ellipse
767 766 0.0 0.0 ellipse
768 767 0.0 0.0 ellipse
769 768 0.0 0.0 ellipse
770 769 0.0 0.0 ellipse
771 770 0.0 0.0 ellipse
772 771 0.0 0.0 ellipse
773 772 0.0 0.0 ellipse
774 773 0.0 0.0 ellipse
775 774 0.0 0.0 ellipse
776 775 0.0 0.0 ellipse
777 776 0.0 0.0 ellipse
778 777 0.0 0.0 ellipse
779 778 0.0 0.0 ellipse
780 779 0.0 0.0 ellipse
781 780 0.0 0.0 ellipse
782 781 0.0 0.0 ellipse
783 782 0.0 0.0 ellipse
784 783 0.0 0.0 ellipse
785 784 0.0 0.0 ellipse
786 785 0.0 0.0 ellipse
787 786 0.0 0.0 ellipse
788 787 0.0 0.0 ellipse
789 788 0.0 0.0 ellipse
790 789 0.0 0.0 ellipse
791 790 0.0 0.0 ellipse
792 791 0.0 0.0 ellipse
793 792 0.0 0.0 ellipse
794 793 0.0 0.0 ellipse
795 794 0.0 0.0 ellipse
796 795 0.0 0.0 ellipse
797 796 0.0 0.0 ellipse
798 797 0.0 0.0 ellipse
799 798 0.0 0.0 ellipse
800 799 0.0 0.0 ellipse
801 800 0.0 0.0 ellipse
802 801 0.0 0.0 ellipse
803 802 0.0 0.0 ellipse
804 803 0.0 0.0 ellipse
805 804 0.0 0.0 ellipse
806 805 0.0 0.0 ellipse
807 806 0.0 0.0 ellipse
808 807 0.0 0.0 ellipse
809 808 0.0 0.0 ellipse
810 809 0.0 0.0 ellipse
811 810 0.0 0.0 ellipse
812 811 0.0 0.0 ellipse
813 812 0.0 0.0 ellipse
814 813 0.0 0.0 ellipse
815 814 0.0 0.0 ellipse
816 815 0.0 0.0 ellipse
817 816 0.0 0.0 ellipse
818 817 0.0 0.0 ellipse
819 818 0.0 0.0 ellipse
820 819 0.0 0.0 ellipse
821 820 0.0 0.0 ellipse
822 821 0.0 0.0 ellipse
823 822 0.0 0.0 ellipse
824 823 0.0 0.0 ellipse
825 824 0.0 0.0 ellipse
826 825 0.0 0.0 ellipse
827 826 0.0 0.0 ellipse
828 827 0.0 0.0 ellipse
829 828 0.0 0.0 ellipse
830 829 0.0 0.0 ellipse
831 830 0.0 0.0 ellipse
832 831 0.0 0.0 ellipse
833 832 0.0 0.0 ellipse
834 833 0.0 0.0 ellipse
835 834 0.0 0.0 ellipse
836 835 0.0 0.0 ellipse
837 836 0.0 0.0 ellipse
838 837 0.0 0.0 ellipse
839 838 0.0 0.0 ellipse
840 839 0.0 0.0 ellipse
841 840 0.0 0.0 ellipse
842 841 0.0 0.0 ellipse
843 842 0.0 0.0 ellipse
844 843 0.0 0.0 ellipse
845 844 0.0 0.0 ellipse
846 845 0.0 0.0 ellipse
847 846 0.0 0.0 ellipse
848 847 0.0 0.0 ellipse
849 848 0.0 0.0 ellipse
850 849 0.0 0.0 ellipse
851 850 0.0 0.0 ellipse
852 851 0.0 0.0 ellipse
853 852 0.0 0.0 ellipse
854 853 0.0 0.0 ellipse
855 854 0.0 0.0 ellipse
856 855 0.0 0.0 ellipse
857 856 0.0 0.0 ellipse
858 857 0.0 0.0 ellipse
859 858 0.0 0.0 ellipse
860 859 0.0 0.0 ellipse
861 860 0.0 0.0 ellipse
862 861 0.0 0.0 ellipse
863 862 0.0 0.0 ellipse
864 863 0.0 0.0 ellipse
865 864 0.0 0.0 ellipse
866 865 0.0 0.0 ellipse
867 866 0.0 0.0 ellipse
868 867 0.0 0.0 ellipse
869 868 0.0 0.0 ellipse
870 869 0.0 0.0 ellipse
871 870 0.0 0.0 ellipse
872 871 0.0 0.0 ellipse
873 872 0.0 0.0 ellipse
874 873 0.0 0.0 ellipse
875 874 0.0 0.0 ellipse
876 875 0.0 0.0 ellipse
877 876 0.0 0.0 ellipse
878 877 0.0 0.0 ellipse
879 878 0.0 0.0 ellipse
880 879 0.0 0.0 ellipse
881 880 0.0 0.0 ellipse
882 881 0.0 0.0 ellipse
883 882 0.0 0.0 ellipse
884 883 0.0 0.0 ellipse
885 884 0.0 0.0 ellipse
886 885 0.0 0.0 ellipse
887 886 0.0 0.0 ellipse
888 887 0.0 0.0 ellipse
889 888 0.0 0.0 ellipse
890 889 0.0 0.0 ellipse
891 890 0.0 0.0 ellipse
892 891 0.0 0.0 ellipse
893 892 0.0 0.0 ellipse
894 893 0.0 0.0 ellipse
895 894 0.0 0.0 ellipse
896 895 0.0 0.0 ellipse
897 896 0.0 0.0 ellipse
898 897 0.0 0.0 ellipse
899 898 0.0 0.0 ellipse
900 899 0.0 0.0 ellipse
901 900 0.0 0.0 ellipse
902 901 0.0 0.0 ellipse
903 902 0.0 0.0 ellipse
904 903 0.0 0.0 ellipse
905 904 0.0 0.0 ellipse
906 905 0.0 0.0 ellipse
907 906 0.0 0.0 ellipse
908 907 0.0 0.0 ellipse
909 908 0.0 0.0 ellipse
910 909 0.0 0.0 ellipse
911 910 0.0 0.0 ellipse
912 911 0.0 0.0 ellipse
913 912 0.0 0.0 ellipse
914 913 0.0 0.0 ellipse
915 914 0.0 0.0 ellipse
916 915 0.0 0.0 ellipse
917 916 0.0 0.0 ellipse
918 917 0.0 0.0 ellipse
919 918 0.0 0.0 ellipse
920 919 0.0 0.0 ellipse
921 920 0.0 0.0 ellipse
922 921 0.0 0.0 ellipse
923 922 0.0 0.0 ellipse
924 923 0.0 0.0 ellipse
925 924 0.0 0.0 ellipse
926 925 0.0 0.0 ellipse
927 926 0.0 0.0 ellipse
928 927 0.0 0.0 ellipse
929 928 0.0 0.0 ellipse
930 929 0.0 0.0 ellipse
931 930 0.0 0.0 ellipse
932 931 0.0 0.0 ellipse
933 932 0.0 0.0 ellipse
934 933 0.0 0.0 ellipse
935 934 0.0 0.0 ellipse
936 935 0.0 0.0 ellipse
937 936 0.0 0.0 ellipse
938 937 0.0 0.0 ellipse
939 938 0.0 0.0 ellipse
940 939 0.0 0.0 ellipse
941 940 0.0 0.0 ellipse
942 941 0.0 0.0 ellipse
943 942 0.0 0.0 ellipse
944 943 0.0 0.0 ellipse
945 944 0.0 0.0 ellipse
946 945 0.0 0.0 ellipse
947 946 0.0 0.0 ellipse
948 947 0.0 0.0 ellipse
949 948 0.0 0.0 ellipse
950 949 0.0 0.0 ellipse
951 950 0.0 0.0 ellipse
952 951 0.0 0.0 ellipse
953 952 0.0 0.0 ellipse
954 953 0.0 0.0 ellipse
955 954 0.0 0.0 ellipse
956 955 0.0 0.0 ellipse
957 956 0.0 0.0 ellipse
958 957 0.0 0.0 ellipse
959 958 0.0 0.0 ellipse
960 959 0.0 0.0 ellipse
961 960 0.0 0.0 ellipse
962 961 0.0 0.0 ellipse
963 962 0.0 0.0 ellipse
964 963 0.0 0.0 ellipse
965 964 0.0 0.0 ellipse
966 965 0.0 0.0 ellipse
967 966 0.0 0.0 ellipse
968 967 0.0 0.0 ellipse
969 968 0.0 0.0 ellipse
970 969 0.0 0.0 ellipse
971 970 0.0 0.0 ellipse
972 971 0.0 0.0 ellipse
973 972 0.0 0.0 ellipse
974 973 0.0 0.0 ellipse
975 974 0.0 0.0 ellipse
976 975 0.0 0.0 ellipse
977 976 0.0 0.0 ellipse
978 977 0.0 0.0 ellipse
979 978 0.0 0.0 ellipse
980 979 0.0 0.0 ellipse
981 980 0.0 0.0 ellipse
982 981 0.0 0.0 ellipse
983 982 0.0 0.0 ellipse
984 983 0.0 0.0 ellipse
985 984 0.0 0.0 ellipse
986 985 0.0 0.0 ellipse
987 986 0.0 0.0 ellipse
988 987 0.0 0.0 ellipse
989 988 0.0 0.0 ellipse
990 989 0.0 0.0 ellipse
991 990 0.0 0.0 ellipse
992 991 0.0 0.0 ellipse
993 992 0.0 0.0 ellipse
994 993 0.0 0.0 ellipse
995 994 0.0 0.0 ellipse
996 995 0.0 0.0 ellipse
997 996 0.0 0.0 ellipse
998 997 0.0 0.0 ellipse
999 998 0.0 0.0 ellipse
1000 999 0.0 0.0 ellipse
*edges
1 91 1.0
1 381 1.0
1 599 1.0
1 716 1.0
1 799 1.0
1 901 1.0
2 938 1.0
2 965 1.0
3 423 1.0
4 219 1.0
4 671 1.0
4 778 1.0
4 815 1.0
4 916 1.0
5 99 1.0
5 267 1.0
5 505 1.0
6 111 1.0
6 173 1.0
6 354 1.0
6 429 1.0
6 610 1.0
7 37 1.0
7 213 1.0
7 301 1.0
8 362 1.0
8 860 1.0
9 68 1.0
9 125 1.0
11 139 1.0
11 324 1.0
11 649 1.0
11 698 1.0
12 265 1.0
12 361 1.0
12 421 1.0
12 632 1.0
12 698 1.0
12 790 1.0
12 815 1.0
12 856 1.0
12 945 1.0
13 398 1.0
13 543 1.0
14 139 1.0
14 432 1.0
14 786 1.0
14 838 1.0
15 605 1.0
15 895 1.0
15 959 1.0
16 485 1.0
16 832 1.0
17 133 1.0
17 434 1.0
17 621 1.0
18 38 1.0
18 79 1.0
18 236 1.0
19 172 1.0
19 325 1.0
19 475 1.0
19 487 1.0
20 25 1.0
20 272 1.0
20 342 1.0
20 630 1.0
20 661 1.0
20 757 1.0
21 213 1.0
21 869 1.0
22 198 1.0
22 830 1.0
23 683 1.0
24 103 1.0
24 554 1.0
24 825 1.0
25 758 1.0
25 906 1.0
26 242 1.0
26 682 1.0
26 701 1.0
27 259 1.0
28 96 1.0
28 194 1.0
28 461 1.0
28 568 1.0
28 607 1.0
28 645 1.0
28 685 1.0
28 930 1.0
29 226 1.0
29 325 1.0
29 461 1.0
29 657 1.0
29 679 1.0
29 906 1.0
31 864 1.0
32 338 1.0
32 633 1.0
33 298 1.0
33 618 1.0
34 425 1.0
34 809 1.0
35 323 1.0
35 535 1.0
35 723 1.0
36 109 1.0
36 953 1.0
37 429 1.0
37 930 1.0
38 232 1.0
38 485 1.0
40 165 1.0
40 442 1.0
40 694 1.0
40 752 1.0
40 762 1.0
41 44 1.0
41 206 1.0
41 475 1.0
41 624 1.0
42 470 1.0
43 135 1.0
43 373 1.0
43 545 1.0
43 615 1.0
43 988 1.0
44 573 1.0
45 556 1.0
46 75 1.0
46 798 1.0
46 822 1.0
46 944 1.0
46 987 1.0
47 348 1.0
47 433 1.0
47 740 1.0
47 759 1.0
47 862 1.0
47 990 1.0
48 290 1.0
48 856 1.0
49 91 1.0
49 770 1.0
50 308 1.0
50 378 1.0
50 408 1.0
50 509 1.0
51 301 1.0
51 317 1.0
51 564 1.0
51 751 1.0
52 129 1.0
52 249 1.0
52 723 1.0
52 957 1.0
53 579 1.0
54 160 1.0
54 347 1.0
55 255 1.0
55 942 1.0
55 992 1.0
56 322 1.0
56 383 1.0
56 551 1.0
56 641 1.0
56 830 1.0
57 408 1.0
57 510 1.0
57 642 1.0
57 805 1.0
57 992 1.0
57 998 1.0
58 363 1.0
58 678 1.0
58 758 1.0
58 959 1.0
59 206 1.0
59 518 1.0
59 926 1.0
60 256 1.0
60 801 1.0
61 233 1.0
62 140 1.0
62 303 1.0
62 369 1.0
62 459 1.0
62 479 1.0
62 569 1.0
63 207 1.0
63 373 1.0
63 549 1.0
64 495 1.0
64 599 1.0
64 639 1.0
64 651 1.0
64 687 1.0
65 714 1.0
65 904 1.0
66 174 1.0
66 209 1.0
66 294 1.0
66 538 1.0
66 863 1.0
66 888 1.0
66 891 1.0
67 205 1.0
68 328 1.0
68 995 1.0
70 274 1.0
70 586 1.0
70 902 1.0
71 139 1.0
71 262 1.0
71 658 1.0
71 674 1.0
71 786 1.0
71 873 1.0
71 905 1.0
72 459 1.0
73 210 1.0
73 637 1.0
73 694 1.0
74 252 1.0
74 257 1.0
74 598 1.0
74 648 1.0
74 810 1.0
74 913 1.0
75 525 1.0
75 661 1.0
76 410 1.0
76 462 1.0
76 552 1.0
76 843 1.0
77 921 1.0
78 111 1.0
78 301 1.0
78 399 1.0
78 886 1.0
79 171 1.0
79 245 1.0
79 595 1.0
79 599 1.0
79 674 1.0
79 772 1.0
79 994 1.0
80 453 1.0
80 462 1.0
80 926 1.0
81 616 1.0
81 926 1.0
82 560 1.0
82 599 1.0
82 829 1.0
82 832 1.0
83 241 1.0
83 581 1.0
83 804 1.0
83 957 1.0
84 238 1.0
85 150 1.0
85 428 1.0
85 445 1.0
85 824 1.0
86 593 1.0
86 655 1.0
86 914 1.0
87 673 1.0
87 859 1.0
88 352 1.0
88 459 1.0
88 748 1.0
88 840 1.0
88 841 1.0
89 597 1.0
89 714 1.0
89 865 1.0
90 136 1.0
90 241 1.0
91 540 1.0
92 264 1.0
92 381 1.0
92 570 1.0
92 686 1.0
92 832 1.0
93 295 1.0
93 332 1.0
93 536 1.0
93 676 1.0
94 266 1.0
94 864 1.0
94 961 1.0
95 354 1.0
95 397 1.0
95 686 1.0
95 908 1.0
95 976 1.0
96 886 1.0
96 935 1.0
97 476 1.0
97 930 1.0
98 165 1.0
98 425 1.0
98 858 1.0
98 860 1.0
99 856 1.0
100 529 1.0
100 801 1.0
101 824 1.0
101 906 1.0
103 129 1.0
103 205 1.0
103 252 1.0
103 716 1.0
103 932 1.0
104 171 1.0
104 870 1.0
104 954 1.0
105 116 1.0
105 228 1.0
105 403 1.0
105 608 1.0
106 238 1.0
106 599 1.0
106 711 1.0
106 840 1.0
108 223 1.0
108 318 1.0
108 735 1.0
108 829 1.0
108 937 1.0
109 514 1.0
109 716 1.0
110 608 1.0
110 771 1.0
110 871 1.0
111 806 1.0
112 520 1.0
112 632 1.0
112 888 1.0
113 162 1.0
113 189 1.0
114 200 1.0
114 242 1.0
115 278 1.0
115 948 1.0
116 142 1.0
116 276 1.0
116 321 1.0
116 975 1.0
117 187 1.0
117 266 1.0
117 449 1.0
118 420 1.0
118 685 1.0
119 958 1.0
120 551 1.0
120 792 1.0
120 985 1.0
121 321 1.0
121 405 1.0
121 601 1.0
122 197 1.0
122 249 1.0
122 342 1.0
123 398 1.0
123 670 1.0
124 240 1.0
124 268 1.0
124 814 1.0
125 149 1.0
126 162 1.0
126 248 1.0
126 264 1.0
126 379 1.0
126 566 1.0
127 204 1.0
127 540 1.0
127 591 1.0
127 600 1.0
127 784 1.0
128 547 1.0
128 928 1.0
129 445 1.0
129 631 1.0
129 692 1.0
129 995 1.0
130 168 1.0
130 244 1.0
130 461 1.0
130 608 1.0
130 640 1.0
131 255 1.0
132 478 1.0
132 636 1.0
133 915 1.0
133 967 1.0
134 363 1.0
134 738 1.0
135 363 1.0
135 447 1.0
136 143 1.0
136 327 1.0
136 329 1.0
136 506 1.0
136 772 1.0
136 925 1.0
137 312 1.0
137 357 1.0
137 608 1.0
137 852 1.0
137 918 1.0
138 159 1.0
138 686 1.0
138 788 1.0
138 864 1.0
138 873 1.0
140 228 1.0
141 223 1.0
141 421 1.0
141 430 1.0
142 209 1.0
142 579 1.0
142 614 1.0
143 466 1.0
143 706 1.0
144 448 1.0
144 603 1.0
144 619 1.0
144 894 1.0
145 604 1.0
145 755 1.0
147 551 1.0
147 552 1.0
147 693 1.0
147 803 1.0
147 849 1.0
147 873 1.0
148 238 1.0
148 373 1.0
148 835 1.0
148 970 1.0
149 354 1.0
149 520 1.0
149 655 1.0
149 686 1.0
150 391 1.0
150 489 1.0
150 608 1.0
150 759 1.0
151 338 1.0
151 392 1.0
151 582 1.0
151 810 1.0
152 957 1.0
153 433 1.0
153 820 1.0
153 973 1.0
154 527 1.0
154 752 1.0
155 269 1.0
155 421 1.0
155 730 1.0
155 848 1.0
155 862 1.0
156 935 1.0
157 423 1.0
157 620 1.0
157 901 1.0
158 233 1.0
158 541 1.0
158 892 1.0
159 487 1.0
159 490 1.0
159 491 1.0
159 519 1.0
159 631 1.0
159 951 1.0
160 248 1.0
160 644 1.0
160 890 1.0
160 998 1.0
161 409 1.0
161 737 1.0
162 175 1.0
163 195 1.0
163 346 1.0
164 247 1.0
164 496 1.0
164 768 1.0
164 841 1.0
164 867 1.0
164 878 1.0
164 990 1.0
165 734 1.0
165 746 1.0
166 259 1.0
166 692 1.0
167 397 1.0
167 424 1.0
167 878 1.0
168 203 1.0
168 252 1.0
168 668 1.0
169 200 1.0
169 510 1.0
169 755 1.0
170 177 1.0
170 336 1.0
170 584 1.0
170 953 1.0
171 410 1.0
171 794 1.0
172 251 1.0
172 517 1.0
173 585 1.0
174 191 1.0
174 749 1.0
175 970 1.0
176 729 1.0
177 183 1.0
178 311 1.0
178 902 1.0
179 672 1.0
180 327 1.0
180 597 1.0
181 358 1.0
181 539 1.0
181 766 1.0
181 891 1.0
181 929 1.0
181 985 1.0
182 715 1.0
183 242 1.0
183 250 1.0
183 641 1.0
183 894 1.0
183 951 1.0
184 586 1.0
184 779 1.0
185 420 1.0
185 790 1.0
185 935 1.0
186 384 1.0
187 208 1.0
187 421 1.0
187 849 1.0
187 851 1.0
188 301 1.0
189 345 1.0
189 972 1.0
190 506 1.0
190 614 1.0
190 856 1.0
190 868 1.0
191 693 1.0
191 897 1.0
192 766 1.0
194 260 1.0
194 648 1.0
194 705 1.0
194 972 1.0
195 461 1.0
195 611 1.0
195 678 1.0
196 900 1.0
196 942 1.0
197 297 1.0
197 463 1.0
197 779 1.0
197 944 1.0
198 252 1.0
198 653 1.0
199 253 1.0
199 345 1.0
199 552 1.0
199 695 1.0
199 989 1.0
200 323 1.0
200 931 1.0
202 743 1.0
202 744 1.0
204 430 1.0
204 706 1.0
204 779 1.0
206 864 1.0
207 472 1.0
208 776 1.0
208 914 1.0
209 600 1.0
209 798 1.0
209 813 1.0
209 829 1.0
209 836 1.0
211 372 1.0
211 928 1.0
213 293 1.0
213 588 1.0
213 968 1.0
215 587 1.0
216 536 1.0
217 285 1.0
217 626 1.0
217 776 1.0
217 964 1.0
218 369 1.0
218 521 1.0
218 603 1.0
219 348 1.0
219 366 1.0
219 833 1.0
220 552 1.0
221 728 1.0
222 335 1.0
222 937 1.0
223 487 1.0
224 268 1.0
225 427 1.0
225 713 1.0
225 820 1.0
226 999 1.0
228 520 1.0
228 754 1.0
228 864 1.0
229 552 1.0
229 669 1.0
229 791 1.0
229 834 1.0
230 482 1.0
231 382 1.0
231 530 1.0
231 590 1.0
232 657 1.0
233 530 1.0
233 585 1.0
233 710 1.0
233 767 1.0
234 764 1.0
235 406 1.0
235 433 1.0
235 475 1.0
236 278 1.0
236 652 1.0
237 503 1.0
237 709 1.0
238 304 1.0
238 365 1.0
239 693 1.0
239 886 1.0
241 765 1.0
242 503 1.0
242 506 1.0
242 581 1.0
242 671 1.0
242 965 1.0
244 491 1.0
245 624 1.0
246 422 1.0
246 460 1.0
246 502 1.0
246 547 1.0
247 678 1.0
248 470 1.0
248 702 1.0
249 576 1.0
249 796 1.0
249 898 1.0
249 923 1.0
250 669 1.0
250 730 1.0
251 570 1.0
252 620 1.0
252 853 1.0
252 902 1.0
253 433 1.0
253 489 1.0
253 649 1.0
253 797 1.0
253 860 1.0
254 820 1.0
254 856 1.0
254 924 1.0
255 774 1.0
256 495 1.0
257 942 1.0
258 273 1.0
258 397 1.0
258 701 1.0
259 390 1.0
259 802 1.0
259 862 1.0
260 321 1.0
260 501 1.0
260 575 1.0
260 853 1.0
260 947 1.0
261 913 1.0
262 325 1.0
262 752 1.0
264 326 1.0
264 388 1.0
264 491 1.0
264 519 1.0
264 572 1.0
264 633 1.0
264 915 1.0
264 991 1.0
265 785 1.0
266 339 1.0
266 402 1.0
266 516 1.0
266 546 1.0
266 807 1.0
266 929 1.0
267 754 1.0
268 350 1.0
269 340 1.0
269 621 1.0
269 732 1.0
269 884 1.0
270 553 1.0
271 435 1.0
272 784 1.0
274 355 1.0
274 961 1.0
275 377 1.0
276 527 1.0
276 994 1.0
277 427 1.0
277 432 1.0
277 631 1.0
278 608 1.0
279 326 1.0
279 556 1.0
279 594 1.0
279 701 1.0
279 780 1.0
280 582 1.0
280 665 1.0
280 687 1.0
280 904 1.0
281 629 1.0
281 737 1.0
282 496 1.0
282 671 1.0
283 820 1.0
283 828 1.0
284 874 1.0
284 898 1.0
285 286 1.0
285 391 1.0
288 450 1.0
288 929 1.0
288 947 1.0
289 473 1.0
290 451 1.0
290 596 1.0
290 925 1.0
291 301 1.0
291 455 1.0
291 552 1.0
291 993 1.0
292 532 1.0
292 591 1.0
292 710 1.0
292 821 1.0
292 823 1.0
292 878 1.0
293 498 1.0
293 501 1.0
293 569 1.0
294 444 1.0
294 830 1.0
294 931 1.0
296 364 1.0
297 610 1.0
297 835 1.0
297 946 1.0
298 336 1.0
299 380 1.0
299 955 1.0
300 306 1.0
300 347 1.0
300 517 1.0
301 322 1.0
301 520 1.0
301 866 1.0
301 980 1.0
302 409 1.0
302 887 1.0
303 333 1.0
304 364 1.0
304 982 1.0
305 501 1.0
306 544 1.0
306 638 1.0
306 696 1.0
307 515 1.0
307 534 1.0
308 662 1.0
309 363 1.0
309 555 1.0
309 767 1.0
309 804 1.0
310 942 1.0
310 957 1.0
312 798 1.0
312 813 1.0
313 370 1.0
313 413 1.0
313 498 1.0
313 650 1.0
313 998 1.0
314 730 1.0
314 857 1.0
314 874 1.0
314 941 1.0
315 458 1.0
315 900 1.0
316 439 1.0
316 620 1.0
317 391 1.0
317 567 1.0
317 568 1.0
317 724 1.0
317 991 1.0
318 336 1.0
318 398 1.0
318 774 1.0
319 472 1.0
319 488 1.0
319 973 1.0
319 998 1.0
320 662 1.0
320 716 1.0
320 774 1.0
321 367 1.0
321 438 1.0
321 604 1.0
322 399 1.0
322 779 1.0
323 520 1.0
323 658 1.0
325 408 1.0
325 459 1.0
325 522 1.0
325 760 1.0
325 808 1.0
325 816 1.0
327 481 1.0
327 942 1.0
328 817 1.0
329 592 1.0
329 704 1.0
329 779 1.0
329 947 1.0
329 997 1.0
331 479 1.0
332 688 1.0
332 691 1.0
332 964 1.0
333 360 1.0
333 409 1.0
333 543 1.0
333 629 1.0
334 522 1.0
334 705 1.0
336 563 1.0
336 803 1.0
336 825 1.0
336 898 1.0
336 956 1.0
336 990 1.0
337 802 1.0
338 867 1.0
338 970 1.0
339 714 1.0
339 782 1.0
339 835 1.0
341 506 1.0
341 541 1.0
341 755 1.0
342 677 1.0
342 781 1.0
342 912 1.0
343 533 1.0
343 657 1.0
343 943 1.0
344 350 1.0
344 440 1.0
344 546 1.0
344 613 1.0
345 731 1.0
346 813 1.0
346 896 1.0
346 991 1.0
347 376 1.0
348 910 1.0
349 457 1.0
350 446 1.0
350 634 1.0
350 638 1.0
350 761 1.0
350 867 1.0
351 391 1.0
351 521 1.0
351 692 1.0
351 822 1.0
351 884 1.0
351 900 1.0
351 920 1.0
351 948 1.0
352 522 1.0
352 734 1.0
352 779 1.0
353 365 1.0
354 649 1.0
354 803 1.0
354 837 1.0
356 525 1.0
356 568 1.0
356 661 1.0
356 711 1.0
356 889 1.0
357 526 1.0
357 529 1.0
357 555 1.0
358 445 1.0
358 515 1.0
359 568 1.0
359 673 1.0
359 689 1.0
359 702 1.0
359 845 1.0
361 473 1.0
361 499 1.0
361 972 1.0
362 594 1.0
362 825 1.0
363 624 1.0
363 664 1.0
363 726 1.0
364 525 1.0
364 640 1.0
364 996 1.0
365 431 1.0
365 799 1.0
365 848 1.0
367 375 1.0
367 502 1.0
368 464 1.0
369 481 1.0
369 724 1.0
369 946 1.0
370 718 1.0
370 996 1.0
371 494 1.0
371 694 1.0
371 801 1.0
372 630 1.0
373 443 1.0
373 489 1.0
374 380 1.0
374 457 1.0
374 526 1.0
374 562 1.0
374 735 1.0
374 796 1.0
374 864 1.0
374 896 1.0
374 931 1.0
375 553 1.0
376 675 1.0
376 737 1.0
376 778 1.0
377 453 1.0
377 487 1.0
377 719 1.0
377 996 1.0
378 428 1.0
378 722 1.0
378 996 1.0
379 919 1.0
380 386 1.0
380 609 1.0
380 736 1.0
380 835 1.0
381 414 1.0
382 385 1.0
382 499 1.0
383 933 1.0
383 966 1.0
384 895 1.0
385 598 1.0
385 755 1.0
386 491 1.0
386 808 1.0
387 675 1.0
387 717 1.0
387 819 1.0
388 467 1.0
388 712 1.0
388 851 1.0
389 404 1.0
390 529 1.0
390 835 1.0
390 989 1.0
391 425 1.0
391 759 1.0
394 405 1.0
394 563 1.0
394 736 1.0
394 865 1.0
395 765 1.0
395 810 1.0
395 817 1.0
395 987 1.0
396 431 1.0
396 731 1.0
396 788 1.0
396 825 1.0
397 408 1.0
397 494 1.0
397 719 1.0
398 898 1.0
399 636 1.0
400 614 1.0
400 627 1.0
400 710 1.0
400 928 1.0
403 967 1.0
403 970 1.0
404 839 1.0
405 429 1.0
406 743 1.0
407 658 1.0
407 871 1.0
408 982 1.0
409 858 1.0
409 937 1.0
410 621 1.0
410 622 1.0
411 533 1.0
411 672 1.0
412 618 1.0
412 722 1.0
412 835 1.0
413 610 1.0
413 635 1.0
413 708 1.0
414 764 1.0
414 882 1.0
414 936 1.0
415 457 1.0
416 687 1.0
416 730 1.0
416 841 1.0
417 506 1.0
418 736 1.0
418 861 1.0
418 905 1.0
420 855 1.0
420 904 1.0
421 517 1.0
423 453 1.0
423 549 1.0
423 908 1.0
423 928 1.0
424 865 1.0
426 536 1.0
427 600 1.0
427 671 1.0
427 823 1.0
427 946 1.0
430 540 1.0
430 591 1.0
431 978 1.0
432 546 1.0
433 482 1.0
433 521 1.0
433 569 1.0
433 875 1.0
434 838 1.0
434 937 1.0
435 972 1.0
436 883 1.0
437 967 1.0
437 998 1.0
438 589 1.0
438 988 1.0
439 802 1.0
440 648 1.0
440 775 1.0
440 981 1.0
440 982 1.0
441 775 1.0
442 601 1.0
442 763 1.0
443 782 1.0
443 823 1.0
445 515 1.0
445 691 1.0
446 563 1.0
446 633 1.0
446 867 1.0
446 986 1.0
448 510 1.0
448 776 1.0
448 827 1.0
448 921 1.0
449 844 1.0
449 925 1.0
450 489 1.0
450 519 1.0
451 465 1.0
451 847 1.0
452 587 1.0
452 703 1.0
454 547 1.0
454 778 1.0
454 991 1.0
455 705 1.0
455 836 1.0
457 644 1.0
457 992 1.0
458 819 1.0
459 541 1.0
460 495 1.0
462 484 1.0
463 724 1.0
464 502 1.0
465 641 1.0
465 848 1.0
467 473 1.0
467 573 1.0
467 659 1.0
468 779 1.0
469 980 1.0
471 498 1.0
472 761 1.0
472 815 1.0
472 998 1.0
473 518 1.0
473 776 1.0
475 836 1.0
475 932 1.0
477 625 1.0
477 649 1.0
477 700 1.0
477 718 1.0
477 926 1.0
478 882 1.0
478 902 1.0
479 492 1.0
479 501 1.0
479 698 1.0
480 737 1.0
480 967 1.0
482 685 1.0
482 688 1.0
482 766 1.0
482 926 1.0
483 832 1.0
484 671 1.0
485 557 1.0
485 805 1.0
486 893 1.0
486 950 1.0
489 549 1.0
490 543 1.0
492 499 1.0
492 904 1.0
495 829 1.0
497 587 1.0
498 600 1.0
498 672 1.0
498 956 1.0
499 633 1.0
499 738 1.0
501 688 1.0
501 890 1.0
501 986 1.0
502 766 1.0
502 820 1.0
503 775 1.0
503 834 1.0
504 999 1.0
507 642 1.0
507 763 1.0
507 768 1.0
508 673 1.0
509 643 1.0
509 808 1.0
509 982 1.0
510 731 1.0
510 817 1.0
510 888 1.0
511 533 1.0
511 873 1.0
511 903 1.0
512 569 1.0
513 620 1.0
513 671 1.0
515 574 1.0
516 620 1.0
516 636 1.0
516 774 1.0
516 830 1.0
517 524 1.0
517 578 1.0
517 682 1.0
517 993 1.0
518 691 1.0
518 726 1.0
518 761 1.0
518 996 1.0
520 581 1.0
520 605 1.0
520 613 1.0
520 816 1.0
521 765 1.0
522 902 1.0
523 679 1.0
523 691 1.0
523 729 1.0
524 738 1.0
525 624 1.0
525 976 1.0
526 533 1.0
526 805 1.0
526 895 1.0
528 802 1.0
528 997 1.0
531 559 1.0
531 929 1.0
532 672 1.0
532 970 1.0
533 695 1.0
533 780 1.0
533 789 1.0
533 842 1.0
534 569 1.0
534 852 1.0
535 601 1.0
535 968 1.0
537 591 1.0
537 619 1.0
538 745 1.0
539 607 1.0
539 964 1.0
540 589 1.0
540 840 1.0
540 910 1.0
541 832 1.0
541 836 1.0
542 546 1.0
542 758 1.0
543 917 1.0
544 799 1.0
544 986 1.0
545 558 1.0
545 608 1.0
545 722 1.0
545 908 1.0
546 601 1.0
546 660 1.0
547 578 1.0
548 631 1.0
548 942 1.0
548 998 1.0
550 807 1.0
550 822 1.0
550 912 1.0
551 624 1.0
551 706 1.0
552 865 1.0
553 942 1.0
555 623 1.0
555 679 1.0
555 940 1.0
556 846 1.0
556 1000 1.0
559 628 1.0
559 698 1.0
559 801 1.0
559 804 1.0
559 925 1.0
560 619 1.0
560 652 1.0
561 928 1.0
562 951 1.0
565 818 1.0
566 594 1.0
566 728 1.0
567 875 1.0
568 663 1.0
572 744 1.0
572 889 1.0
573 683 1.0
574 995 1.0
575 603 1.0
575 694 1.0
575 893 1.0
577 650 1.0
577 850 1.0
578 713 1.0
579 583 1.0
580 695 1.0
580 937 1.0
581 644 1.0
581 925 1.0
582 817 1.0
584 616 1.0
584 642 1.0
584 908 1.0
584 954 1.0
587 933 1.0
587 936 1.0
588 949 1.0
589 627 1.0
589 649 1.0
589 718 1.0
589 732 1.0
589 757 1.0
590 961 1.0
590 981 1.0
590 987 1.0
590 993 1.0
591 975 1.0
592 619 1.0
592 643 1.0
595 658 1.0
596 742 1.0
596 975 1.0
599 775 1.0
602 853 1.0
605 638 1.0
605 762 1.0
608 636 1.0
611 711 1.0
612 868 1.0
612 967 1.0
613 790 1.0
613 959 1.0
614 909 1.0
614 944 1.0
616 844 1.0
616 941 1.0
617 685 1.0
617 891 1.0
617 893 1.0
617 974 1.0
618 851 1.0
619 634 1.0
619 687 1.0
620 681 1.0
620 938 1.0
620 939 1.0
621 921 1.0
622 680 1.0
622 699 1.0
623 693 1.0
623 793 1.0
624 684 1.0
626 692 1.0
627 754 1.0
633 777 1.0
634 868 1.0
638 702 1.0
638 933 1.0
640 809 1.0
641 671 1.0
641 885 1.0
643 706 1.0
643 954 1.0
644 822 1.0
644 938 1.0
648 750 1.0
650 782 1.0
651 813 1.0
653 665 1.0
653 767 1.0
654 763 1.0
654 859 1.0
654 917 1.0
656 682 1.0
656 738 1.0
657 977 1.0
658 816 1.0
660 992 1.0
661 782 1.0
661 788 1.0
662 703 1.0
662 732 1.0
662 825 1.0
665 757 1.0
665 989 1.0
667 954 1.0
670 779 1.0
671 711 1.0
671 724 1.0
672 857 1.0
672 897 1.0
673 825 1.0
674 759 1.0
674 883 1.0
676 811 1.0
676 869 1.0
677 795 1.0
679 921 1.0
680 819 1.0
680 956 1.0
681 775 1.0
684 704 1.0
686 939 1.0
687 717 1.0
687 966 1.0
688 969 1.0
692 709 1.0
692 900 1.0
694 859 1.0
695 884 1.0
695 887 1.0
697 786 1.0
699 829 1.0
700 868 1.0
703 890 1.0
704 769 1.0
705 818 1.0
705 884 1.0
707 720 1.0
707 821 1.0
708 754 1.0
708 997 1.0
709 967 1.0
712 978 1.0
713 714 1.0
713 746 1.0
717 902 1.0
717 915 1.0
717 988 1.0
719 724 1.0
719 781 1.0
719 907 1.0
720 893 1.0
720 941 1.0
722 848 1.0
722 884 1.0
723 785 1.0
724 796 1.0
724 964 1.0
727 764 1.0
731 766 1.0
731 828 1.0
732 910 1.0
733 830 1.0
735 746 1.0
736 807 1.0
740 762 1.0
743 948 1.0
746 997 1.0
747 751 1.0
747 884 1.0
749 914 1.0
753 937 1.0
753 974 1.0
756 848 1.0
756 919 1.0
757 988 1.0
758 960 1.0
758 999 1.0
759 911 1.0
760 905 1.0
761 809 1.0
762 973 1.0
762 992 1.0
763 903 1.0
764 788 1.0
766 777 1.0
766 813 1.0
767 773 1.0
767 927 1.0
769 820 1.0
770 960 1.0
772 892 1.0
773 896 1.0
773 920 1.0
776 816 1.0
777 829 1.0
779 887 1.0
783 950 1.0
783 969 1.0
784 958 1.0
784 965 1.0
785 971 1.0
790 976 1.0
792 987 1.0
793 806 1.0
797 920 1.0
800 833 1.0
800 867 1.0
804 818 1.0
804 890 1.0
805 829 1.0
805 830 1.0
807 862 1.0
812 989 1.0
814 817 1.0
817 901 1.0
818 968 1.0
818 980 1.0
819 842 1.0
822 995 1.0
825 863 1.0
825 886 1.0
825 999 1.0
826 960 1.0
835 915 1.0
837 895 1.0
838 957 1.0
839 918 1.0
842 981 1.0
843 924 1.0
843 969 1.0
851 887 1.0
855 896 1.0
855 898 1.0
856 858 1.0
856 916 1.0
858 994 1.0
864 916 1.0
869 953 1.0
870 956 1.0
874 946 1.0
881 917 1.0
882 947 1.0
883 917 1.0
884 923 1.0
891 906 1.0
899 922 1.0
901 931 1.0
903 908 1.0
903 926 1.0
903 947 1.0
904 915 1.0
904 962 1.0
905 935 1.0
905 962 1.0
911 913 1.0
912 939 1.0
912 991 1.0
919 997 1.0
923 926 1.0
923 948 1.0
924 930 1.0
931 989 1.0
935 953 1.0
942 985 1.0
953 985 1.0
956 992 1.0
967 1000 1.0
