*vertices 1000
1 0 0.0 0.0 ellipse
2 1 0.0 0.0 ellipse
3 2 0.0 0.0 ellipse
4 3 0.0 0.0 ellipse
5 4 0.0 0.0 ellipse
6 5 0.0 0.0 ellipse
7 6 0.0 0.0 ellipse
8 7 0.0 0.0 ellipse
9 8 0.0 0.0 ellipse
10 9 0.0 0.0 ellipse
11 10 0.0 0.0 ellipse
12 11 0.0 0.0 ellipse
13 12 0.0 0.0 ellipse
14 13 0.0 0.0 ellipse
15 14 0.0 0.0 ellipse
16 15 0.0 0.0 ellipse
17 16 0.0 0.0 ellipse
18 17 0.0 0.0 ellipse
19 18 0.0 0.0 ellipse
20 19 0.0 0.0 ellipse
21 20 0.0 0.0 ellipse
22 21 0.0 0.0 ellipse
23 22 0.0 0.0 ellipse
24 23 0.0 0.0 ellipse
25 24 0.0 0.0 ellipse
26 25 0.0 0.0 ellipse
27 26 0.0 0.0 ellipse
28 27 0.0 0.0 ellipse
29 28 0.0 0.0 ellipse
30 29 0.0 0.0 ellipse
31 30 0.0 0.0 ellipse
32 31 0.0 0.0 ellipse
33 32 0.0 0.0 ellipse
34 33 0.0 0.0 ellipse
35 34 0.0 0.0 ellipse
36 35 0.0 0.0 ellipse
37 36 0.0 0.0 ellipse
38 37 0.0 0.0 ellipse
39 38 0.0 0.0 ellipse
40 39 0.0 0.0 ellipse
41 40 0.0 0.0 ellipse
42 41 0.0 0.0 ellipse
43 42 0.0 0.0 ellipse
44 43 0.0 0.0 ellipse
45 44 0.0 0.0 ellipse
46 45 0.0 0.0 ellipse
47 46 0.0 0.0 ellipse
48 47 0.0 0.0 ellipse
49 48 0.0 0.0 ellipse
50 49 0.0 0.0 ellipse
51 50 0.0 0.0 ellipse
52 51 0.0 0.0 ellipse
53 52 0.0 0.0 ellipse
54 53 0.0 0.0 ellipse
55 54 0.0 0.0 ellipse
56 55 0.0 0.0 ellipse
57 56 0.0 0.0 ellipse
58 57 0.0 0.0 ellipse
59 58 0.0 0.0 ellipse
60 59 0.0 0.0 ellipse
61 60 0.0 0.0 ellipse
62 61 0.0 0.0 ellipse
63 62 0.0 0.0 ellipse
64 63 0.0 0.0 ellipse
65 64 0.0 0.0 ellipse
66 65 0.0 0.0 ellipse
67 66 0.0 0.0 ellipse
68 67 0.0 0.0 ellipse
69 68 0.0 0.0 ellipse
70 69 0.0 0.0 ellipse
71 70 0.0 0.0 ellipse
72 71 0.0 0.0 ellipse
73 72 0.0 0.0 ellipse
74 73 0.0 0.0 ellipse
75 74 0.0 0.0 ellipse
76 75 0.0 0.0 ellipse
77 76 0.0 0.0 ellipse
78 77 0.0 0.0 ellipse
79 78 0.0 0.0 ellipse
80 79 0.0 0.0 ellipse
81 80 0.0 0.0 ellipse
82 81 0.0 0.0 ellipse
83 82 0.0 0.0 ellipse
84 83 0.0 0.0 ellipse
85 84 0.0 0.0 ellipse
86 85 0.0 0.0 ellipse
87 86 0.0 0.0 ellipse
88 87 0.0 0.0 ellipse
89 88 0.0 0.0 ellipse
90 89 0.0 0.0 ellipse
91 90 0.0 0.0 ellipse
92 91 0.0 0.0 ellipse
93 92 0.0 0.0 ellipse
94 93 0.0 0.0 ellipse
95 94 0.0 0.0 ellipse
96 95 0.0 0.0 ellipse
97 96 0.0 0.0 ellipse
98 97 0.0 0.0 ellipse
99 98 0.0 0.0 ellipse
100 99 0.0 0.0 ellipse
101 100 0.0 0.0 ellipse
102 101 0.0 0.0 ellipse
103 102 0.0 0.0 ellipse
104 103 0.0 0.0 ellipse
105 104 0.0 0.0 ellipse
106 105 0.0 0.0 ellipse
107 106 0.0 0.0 ellipse
108 107 0.0 0.0 ellipse
109 108 0.0 0.0 ellipse
110 109 0.0 0.0 ellipse
111 110 0.0 0.0 ellipse
112 111 0.0 0.0 ellipse
113 112 0.0 0.0 ellipse
114 113 0.0 0.0 ellipse
115 114 0.0 0.0 ellipse
116 115 0.0 0.0 ellipse
117 116 0.0 0.0 ellipse
118 117 0.0 0.0 ellipse
119 118 0.0 0.0 ellipse
120 119 0.0 0.0 ellipse
121 120 0.0 0.0 ellipse
122 121 0.0 0.0 ellipse
123 122 0.0 0.0 ellipse
124 123 0.0 0.0 ellipse
125 124 0.0 0.0 ellipse
126 125 0.0 0.0 ellipse
127 126 0.0 0.0 ellipse
128 127 0.0 0.0 ellipse
129 128 0.0 0.0 ellipse
130 129 0.0 0.0 ellipse
131 130 0.0 0.0 ellipse
132 131 0.0 0.0 ellipse
133 132 0.0 0.0 ellipse
134 133 0.0 0.0 ellipse
135 134 0.0 0.0 ellipse
136 135 0.0 0.0 ellipse
137 136 0.0 0.0 ellipse
138 137 0.0 0.0 ellipse
139 138 0.0 0.0 ellipse
140 139 0.0 0.0 ellipse
141 140 0.0 0.0 ellipse
142 141 0.0 0.0 ellipse
143 142 0.0 0.0 ellipse
144 143 0.0 0.0 ellipse
145 144 0.0 0.0 ellipse
146 145 0.0 0.0 ellipse
147 146 0.0 0.0 ellipse
148 147 0.0 0.0 ellipse
149 148 0.0 0.0 ellipse
150 149 0.0 0.0 ellipse
151 150 0.0 0.0 ellipse
152 151 0.0 0.0 ellipse
153 152 0.0 0.0 ellipse
154 153 0.0 0.0 ellipse
155 154 0.0 0.0 ellipse
156 155 0.0 0.0 ellipse
157 156 0.0 0.0 ellipse
158 157 0.0 0.0 ellipse
159 158 0.0 0.0 ellipse
160 159 0.0 0.0 ellipse
161 160 0.0 0.0 ellipse
162 161 0.0 0.0 ellipse
163 162 0.0 0.0 ellipse
164 163 0.0 0.0 ellipse
165 164 0.0 0.0 ellipse
166 165 0.0 0.0 ellipse
167 166 0.0 0.0 ellipse
168 167 0.0 0.0 ellipse
169 168 0.0 0.0 ellipse
170 169 0.0 0.0 ellipse
171 170 0.0 0.0 ellipse
172 171 0.0 0.0 ellipse
173 172 0.0 0.0 ellipse
174 173 0.0 0.0 ellipse
175 174 0.0 0.0 ellipse
176 175 0.0 0.0 ellipse
177 176 0.0 0.0 ellipse
178 177 0.0 0.0 ellipse
179 178 0.0 0.0 ellipse
180 179 0.0 0.0 ellipse
181 180 0.0 0.0 ellipse
182 181 0.0 0.0 ellipse
183 182 0.0 0.0 ellipse
184 183 0.0 0.0 ellipse
185 184 0.0 0.0 ellipse
186 185 0.0 0.0 ellipse
187 186 0.0 0.0 ellipse
188 187 0.0 0.0 ellipse
189 188 0.0 0.0 ellipse
190 189 0.0 0.0 ellipse
191 190 0.0 0.0 ellipse
192 191 0.0 0.0 ellipse
193 192 0.0 0.0 ellipse
194 193 0.0 0.0 ellipse
195 194 0.0 0.0 ellipse
196 195 0.0 0.0 ellipse
197 196 0.0 0.0 ellipse
198 197 0.0 0.0 ellipse
199 198 0.0 0.0 ellipse
200 199 0.0 0.0 ellipse
201 200 0.0 0.0 ellipse
202 201 0.0 0.0 ellipse
203 202 0.0 0.0 ellipse
204 203 0.0 0.0 ellipse
205 204 0.0 0.0 ellipse
206 205 0.0 0.0 ellipse
207 206 0.0 0.0 ellipse
208 207 0.0 0.0 ellipse
209 208 0.0 0.0 ellipse
210 209 0.0 0.0 ellipse
211 210 0.0 0.0 ellipse
212 211 0.0 0.0 ellipse
213 212 0.0 0.0 ellipse
214 213 0.0 0.0 ellipse
215 214 0.0 0.0 ellipse
216 215 0.0 0.0 ellipse
217 216 0.0 0.0 ellipse
218 217 0.0 0.0 ellipse
219 218 0.0 0.0 ellipse
220 219 0.0 0.0 ellipse
221 220 0.0 0.0 ellipse
222 221 0.0 0.0 ellipse
223 222 0.0 0.0 ellipse
224 223 0.0 0.0 ellipse
225 224 0.0 0.0 ellipse
226 225 0.0 0.0 ellipse
227 226 0.0 0.0 ellipse
228 227 0.0 0.0 ellipse
229 228 0.0 0.0 ellipse
230 229 0.0 0.0 ellipse
231 230 0.0 0.0 ellipse
232 231 0.0 0.0 ellipse
233 232 0.0 0.0 ellipse
234 233 0.0 0.0 ellipse
235 234 0.0 0.0 ellipse
236 235 0.0 0.0 ellipse
237 236 0.0 0.0 ellipse
238 237 0.0 0.0 ellipse
239 238 0.0 0.0 ellipse
240 239 0.0 0.0 ellipse
241 240 0.0 0.0 ellipse
242 241 0.0 0.0 ellipse
243 242 0.0 0.0 ellipse
244 243 0.0 0.0 ellipse
245 244 0.0 0.0 ellipse
246 245 0.0 0.0 ellipse
247 246 0.0 0.0 ellipse
248 247 0.0 0.0 ellipse
249 248 0.0 0.0 ellipse
250 249 0.0 0.0 ellipse
251 250 0.0 0.0 ellipse
252 251 0.0 0.0 ellipse
253 252 0.0 0.0 ellipse
254 253 0.0 0.0 ellipse
255 254 0.0 0.0 ellipse
256 255 0.0 0.0 ellipse
257 256 0.0 0.0 ellipse
258 257 0.0 0.0 ellipse
259 258 0.0 0.0 ellipse
260 259 0.0 0.0 ellipse
261 260 0.0 0.0 ellipse
262 261 0.0 0.0 ellipse
263 262 0.0 0.0 ellipse
264 263 0.0 0.0 ellipse
265 264 0.0 0.0 ellipse
266 265 0.0 0.0 ellipse
267 266 0.0 0.0 ellipse
268 267 0.0 0.0 ellipse
269 268 0.0 0.0 ellipse
270 269 0.0 0.0 ellipse
271 270 0.0 0.0 ellipse
272 271 0.0 0.0 ellipse
273 272 0.0 0.0 ellipse
274 273 0.0 0.0 ellipse
275 274 0.0 0.0 ellipse
276 275 0.0 0.0 ellipse
277 276 0.0 0.0 ellipse
278 277 0.0 0.0 ellipse
279 278 0.0 0.0 ellipse
280 279 0.0 0.0 ellipse
281 280 0.0 0.0 ellipse
282 281 0.0 0.0 ellipse
283 282 0.0 0.0 ellipse
284 283 0.0 0.0 ellipse
285 284 0.0 0.0 ellipse
286 285 0.0 0.0 ellipse
287 286 0.0 0.0 ellipse
288 287 0.0 0.0 ellipse
289 288 0.0 0.0 ellipse
290 289 0.0 0.0 ellipse
291 290 0.0 0.0 ellipse
292 291 0.0 0.0 ellipse
293 292 0.0 0.0 ellipse
294 293 0.0 0.0 ellipse
295 294 0.0 0.0 ellipse
296 295 0.0 0.0 ellipse
297 296 0.0 0.0 ellipse
298 297 0.0 0.0 ellipse
299 298 0.0 0.0 ellipse
300 299 0.0 0.0 ellipse
301 300 0.0 0.0 ellipse
302 301 0.0 0.0 ellipse
303 302 0.0 0.0 ellipse
304 303 0.0 0.0 ellipse
305 304 0.0 0.0 ellipse
306 305 0.0 0.0 ellipse
307 306 0.0 0.0 ellipse
308 307 0.0 0.0 ellipse
309 308 0.0 0.0 ellipse
310 309 0.0 0.0 ellipse
311 310 0.0 0.0 ellipse
312 311 0.0 0.0 ellipse
313 312 0.0 0.0 ellipse
314 313 0.0 0.0 ellipse
315 314 0.0 0.0 ellipse
316 315 0.0 0.0 ellipse
317 316 0.0 0.0 ellipse
318 317 0.0 0.0 ellipse
319 318 0.0 0.0 ellipse
320 319 0.0 0.0 ellipse
321 320 0.0 0.0 ellipse
322 321 0.0 0.0 ellipse
323 322 0.0 0.0 ellipse
324 323 0.0 0.0 ellipse
325 324 0.0 0.0 ellipse
326 325 0.0 0.0 ellipse
327 326 0.0 0.0 ellipse
328 327 0.0 0.0 ellipse
329 328 0.0 0.0 ellipse
330 329 0.0 0.0 ellipse
331 330 0.0 0.0 ellipse
332 331 0.0 0.0 ellipse
333 332 0.0 0.0 ellipse
334 333 0.0 0.0 ellipse
335 334 0.0 0.0 ellipse
336 335 0.0 0.0 ellipse
337 336 0.0 0.0 ellipse
338 337 0.0 0.0 ellipse
339 338 0.0 0.0 ellipse
340 339 0.0 0.0 ellipse
341 340 0.0 0.0 ellipse
342 341 0.0 0.0 ellipse
343 342 0.0 0.0 ellipse
344 343 0.0 0.0 ellipse
345 344 0.0 0.0 ellipse
346 345 0.0 0.0 ellipse
347 346 0.0 0.0 ellipse
348 347 0.0 0.0 ellipse
349 348 0.0 0.0 ellipse
350 349 0.0 0.0 ellipse
351 350 0.0 0.0 ellipse
352 351 0.0 0.0 ellipse
353 352 0.0 0.0 ellipse
354 353 0.0 0.0 ellipse
355 354 0.0 0.0 ellipse
356 355 0.0 0.0 ellipse
357 356 0.0 0.0 ellipse
358 357 0.0 0.0 ellipse
359 358 0.0 0.0 ellipse
360 359 0.0 0.0 ellipse
361 360 0.0 0.0 ellipse
362 361 0.0 0.0 ellipse
363 362 0.0 0.0 ellipse
364 363 0.0 0.0 ellipse
365 364 0.0 0.0 ellipse
366 365 0.0 0.0 ellipse
367 366 0.0 0.0 ellipse
368 367 0.0 0.0 ellipse
369 368 0.0 0.0 ellipse
370 369 0.0 0.0 ellipse
371 370 0.0 0.0 ellipse
372 371 0.0 0.0 ellipse
373 372 0.0 0.0 ellipse
374 373 0.0 0.0 ellipse
375 374 0.0 0.0 ellipse
376 375 0.0 0.0 ellipse
377 376 0.0 0.0 ellipse
378 377 0.0 0.0 ellipse
379 378 0.0 0.0 ellipse
380 379 0.0 0.0 ellipse
381 380 0.0 0.0 ellipse
382 381 0.0 0.0 ellipse
383 382 0.0 0.0 ellipse
384 383 0.0 0.0 ellipse
385 384 0.0 0.0 ellipse
386 385 0.0 0.0 ellipse
387 386 0.0 0.0 ellipse
388 387 0.0 0.0 ellipse
389 388 0.0 0.0 ellipse
390 389 0.0 0.0 ellipse
391 390 0.0 0.0 ellipse
392 391 0.0 0.0 ellipse
393 392 0.0 0.0 ellipse
394 393 0.0 0.0 ellipse
395 394 0.0 0.0 ellipse
396 395 0.0 0.0 ellipse
397 396 0.0 0.0 ellipse
398 397 0.0 0.0 ellipse
399 398 0.0 0.0 ellipse
400 399 0.0 0.0 ellipse
401 400 0.0 0.0 ellipse
402 401 0.0 0.0 ellipse
403 402 0.0 0.0 ellipse
404 403 0.0 0.0 ellipse
405 404 0.0 0.0 ellipse
406 405 0.0 0.0 ellipse
407 406 0.0 0.0 ellipse
408 407 0.0 0.0 ellipse
409 408 0.0 0.0 ellipse
410 409 0.0 0.0 ellipse
411 410 0.0 0.0 ellipse
412 411 0.0 0.0 ellipse
413 412 0.0 0.0 ellipse
414 413 0.0 0.0 ellipse
415 414 0.0 0.0 ellipse
416 415 0.0 0.0 ellipse
417 416 0.0 0.0 ellipse
418 417 0.0 0.0 ellipse
419 418 0.0 0.0 ellipse
420 419 0.0 0.0 ellipse
421 420 0.0 0.0 ellipse
422 421 0.0 0.0 ellipse
423 422 0.0 0.0 ellipse
424 423 0.0 0.0 ellipse
425 424 0.0 0.0 ellipse
426 425 0.0 0.0 ellipse
427 426 0.0 0.0 ellipse
428 427 0.0 0.0 ellipse
429 428 0.0 0.0 ellipse
430 429 0.0 0.0 ellipse
431 430 0.0 0.0 ellipse
432 431 0.0 0.0 ellipse
433 432 0.0 0.0 ellipse
434 433 0.0 0.0 ellipse
435 434 0.0 0.0 ellipse
436 435 0.0 0.0 ellipse
437 436 0.0 0.0 ellipse
438 437 0.0 0.0 ellipse
439 438 0.0 0.0 ellipse
440 439 0.0 0.0 ellipse
441 440 0.0 0.0 ellipse
442 441 0.0 0.0 ellipse
443 442 0.0 0.0 ellipse
444 443 0.0 0.0 ellipse
445 444 0.0 0.0 ellipse
446 445 0.0 0.0 ellipse
447 446 0.0 0.0 ellipse
448 447 0.0 0.0 ellipse
449 448 0.0 0.0 ellipse
450 449 0.0 0.0 ellipse
451 450 0.0 0.0 ellipse
452 451 0.0 0.0 ellipse
453 452 0.0 0.0 ellipse
454 453 0.0 0.0 ellipse
455 454 0.0 0.0 ellipse
456 455 0.0 0.0 ellipse
457 456 0.0 0.0 ellipse
458 457 0.0 0.0 ellipse
459 458 0.0 0.0 ellipse
460 459 0.0 0.0 ellipse
461 460 0.0 0.0 ellipse
462 461 0.0 0.0 ellipse
463 462 0.0 0.0 ellipse
464 463 0.0 0.0 ellipse
465 464 0.0 0.0 ellipse
466 465 0.0 0.0 ellipse
467 466 0.0 0.0 ellipse
468 467 0.0 0.0 ellipse
469 468 0.0 0.0 ellipse
470 469 0.0 0.0 ellipse
471 470 0.0 0.0 ellipse
472 471 0.0 0.0 ellipse
473 472 0.0 0.0 ellipse
474 473 0.0 0.0 ellipse
475 474 0.0 0.0 ellipse
476 475 0.0 0.0 ellipse
477 476 0.0 0.0 ellipse
478 477 0.0 0.0 ellipse
479 478 0.0 0.0 ellipse
480 479 0.0 0.0 ellipse
481 480 0.0 0.0 ellipse
482 481 0.0 0.0 ellipse
483 482 0.0 0.0 ellipse
484 483 0.0 0.0 ellipse
485 484 0.0 0.0 ellipse
486 485 0.0 0.0 ellipse
487 486 0.0 0.0 ellipse
488 487 0.0 0.0 ellipse
489 488 0.0 0.0 ellipse
490 489 0.0 0.0 ellipse
491 490 0.0 0.0 ellipse
492 491 0.0 0.0 ellipse
493 492 0.0 0.0 ellipse
494 493 0.0 0.0 ellipse
495 494 0.0 0.0 ellipse
496 495 0.0 0.0 ellipse
497 496 0.0 0.0 ellipse
498 497 0.0 0.0 ellipse
499 498 0.0 0.0 ellipse
500 499 0.0 0.0 ellipse
501 500 0.0 0.0 ellipse
502 501 0.0 0.0 ellipse
503 502 0.0 0.0 ellipse
504 503 0.0 0.0 ellipse
505 504 0.0 0.0 ellipse
506 505 0.0 0.0 ellipse
507 506 0.0 0.0 ellipse
508 507 0.0 0.0 ellipse
509 508 0.0 0.0 ellipse
510 509 0.0 0.0 ellipse
511 510 0.0 0.0 ellipse
512 511 0.0 0.0 ellipse
513 512 0.0 0.0 ellipse
514 513 0.0 0.0 ellipse
515 514 0.0 0.0 ellipse
516 515 0.0 0.0 ellipse
517 516 0.0 0.0 ellipse
518 517 0.0 0.0 ellipse
519 518 0.0 0.0 ellipse
520 519 0.0 0.0 ellipse
521 520 0.0 0.0 ellipse
522 521 0.0 0.0 ellipse
523 522 0.0 0.0 ellipse
524 523 0.0 0.0 ellipse
525 524 0.0 0.0 ellipse
526 525 0.0 0.0 ellipse
527 526 0.0 0.0 ellipse
528 527 0.0 0.0 ellipse
529 528 0.0 0.0 ellipse
530 529 0.0 0.0 ellipse
531 530 0.0 0.0 ellipse
532 531 0.0 0.0 ellipse
533 532 0.0 0.0 ellipse
534 533 0.0 0.0 ellipse
535 534 0.0 0.0 ellipse
536 535 0.0 0.0 ellipse
537 536 0.0 0.0 ellipse
538 537 0.0 0.0 ellipse
539 538 0.0 0.0 ellipse
540 539 0.0 0.0 ellipse
541 540 0.0 0.0 ellipse
542 541 0.0 0.0 ellipse
543 542 0.0 0.0 ellipse
544 543 0.0 0.0 ellipse
545 544 0.0 0.0 ellipse
546 545 0.0 0.0 ellipse
547 546 0.0 0.0 ellipse
548 547 0.0 0.0 ellipse
549 548 0.0 0.0 ellipse
550 549 0.0 0.0 ellipse
551 550 0.0 0.0 ellipse
552 551 0.0 0.0 ellipse
553 552 0.0 0.0 ellipse
554 553 0.0 0.0 ellipse
555 554 0.0 0.0 ellipse
556 555 0.0 0.0 ellipse
557 556 0.0 0.0 ellipse
558 557 0.0 0.0 ellipse
559 558 0.0 0.0 ellipse
560 559 0.0 0.0 ellipse
561 560 0.0 0.0 ellipse
562 561 0.0 0.0 ellipse
563 562 0.0 0.0 ellipse
564 563 0.0 0.0 ellipse
565 564 0.0 0.0 ellipse
566 565 0.0 0.0 ellipse
567 566 0.0 0.0 ellipse
568 567 0.0 0.0 ellipse
569 568 0.0 0.0 ellipse
570 569 0.0 0.0 ellipse
571 570 0.0 0.0 ellipse
572 571 0.0 0.0 ellipse
573 572 0.0 0.0 ellipse
574 573 0.0 0.0 ellipse
575 574 0.0 0.0 ellipse
576 575 0.0 0.0 ellipse
577 576 0.0 0.0 ellipse
578 577 0.0 0.0 ellipse
579 578 0.0 0.0 ellipse
580 579 0.0 0.0 ellipse
581 580 0.0 0.0 ellipse
582 581 0.0 0.0 ellipse
583 582 0.0 0.0 ellipse
584 583 0.0 0.0 ellipse
585 584 0.0 0.0 ellipse
586 585 0.0 0.0 ellipse
587 586 0.0 0.0 ellipse
588 587 0.0 0.0 ellipse
589 588 0.0 0.0 ellipse
590 589 0.0 0.0 ellipse
591 590 0.0 0.0 ellipse
592 591 0.0 0.0 ellipse
593 592 0.0 0.0 ellipse
594 593 0.0 0.0 ellipse
595 594 0.0 0.0 ellipse
596 595 0.0 0.0 ellipse
597 596 0.0 0.0 ellipse
598 597 0.0 0.0 ellipse
599 598 0.0 0.0 ellipse
600 599 0.0 0.0 ellipse
601 600 0.0 0.0 ellipse
602 601 0.0 0.0 ellipse
603 602 0.0 0.0 ellipse
604 603 0.0 0.0 ellipse
605 604 0.0 0.0 ellipse
606 605 0.0 0.0 ellipse
607 606 0.0 0.0 ellipse
608 607 0.0 0.0 ellipse
609 608 0.0 0.0 ellipse
610 609 0.0 0.0 ellipse
611 610 0.0 0.0 ellipse
612 611 0.0 0.0 ellipse
613 612 0.0 0.0 ellipse
614 613 0.0 0.0 ellipse
615 614 0.0 0.0 ellipse
616 615 0.0 0.0 ellipse
617 616 0.0 0.0 ellipse
618 617 0.0 0.0 ellipse
619 618 0.0 0.0 ellipse
620 619 0.0 0.0 ellipse
621 620 0.0 0.0 ellipse
622 621 0.0 0.0 ellipse
623 622 0.0 0.0 ellipse
624 623 0.0 0.0 ellipse
625 624 0.0 0.0 ellipse
626 625 0.0 0.0 ellipse
627 626 0.0 0.0 ellipse
628 627 0.0 0.0 ellipse
629 628 0.0 0.0 ellipse
630 629 0.0 0.0 ellipse
631 630 0.0 0.0 ellipse
632 631 0.0 0.0 ellipse
633 632 0.0 0.0 ellipse
634 633 0.0 0.0 ellipse
635 634 0.0 0.0 ellipse
636 635 0.0 0.0 ellipse
637 636 0.0 0.0 ellipse
638 637 0.0 0.0 ellipse
639 638 0.0 0.0 ellipse
640 639 0.0 0.0 ellipse
641 640 0.0 0.0 ellipse
642 641 0.0 0.0 ellipse
643 642 0.0 0.0 ellipse
644 643 0.0 0.0 ellipse
645 644 0.0 0.0 ellipse
646 645 0.0 0.0 ellipse
647 646 0.0 0.0 ellipse
648 647 0.0 0.0 ellipse
649 648 0.0 0.0 ellipse
650 649 0.0 0.0 ellipse
651 650 0.0 0.0 ellipse
652 651 0.0 0.0 ellipse
653 652 0.0 0.0 ellipse
654 653 0.0 0.0 ellipse
655 654 0.0 0.0 ellipse
656 655 0.0 0.0 ellipse
657 656 0.0 0.0 ellipse
658 657 0.0 0.0 ellipse
659 658 0.0 0.0 ellipse
660 659 0.0 0.0 ellipse
661 660 0.0 0.0 ellipse
662 661 0.0 0.0 ellipse
663 662 0.0 0.0 ellipse
664 663 0.0 0.0 ellipse
665 664 0.0 0.0 ellipse
666 665 0.0 0.0 ellipse
667 666 0.0 0.0 ellipse
668 667 0.0 0.0 ellipse
669 668 0.0 0.0 ellipse
670 669 0.0 0.0 ellipse
671 670 0.0 0.0 ellipse
672 671 0.0 0.0 ellipse
673 672 0.0 0.0 ellipse
674 673 0.0 0.0 ellipse
675 674 0.0 0.0 ellipse
676 675 0.0 0.0 ellipse
677 676 0.0 0.0 ellipse
678 677 0.0 0.0 ellipse
679 678 0.0 0.0 ellipse
680 679 0.0 0.0 ellipse
681 680 0.0 0.0 ellipse
682 681 0.0 0.0 ellipse
683 682 0.0 0.0 ellipse
684 683 0.0 0.0 ellipse
685 684 0.0 0.0 ellipse
686 685 0.0 0.0 ellipse
687 686 0.0 0.0 ellipse
688 687 0.0 0.0 ellipse
689 688 0.0 0.0 ellipse
690 689 0.0 0.0 ellipse
691 690 0.0 0.0 ellipse
692 691 0.0 0.0 ellipse
693 692 0.0 0.0 ellipse
694 693 0.0 0.0 ellipse
695 694 0.0 0.0 ellipse
696 695 0.0 0.0 ellipse
697 696 0.0 0.0 ellipse
698 697 0.0 0.0 ellipse
699 698 0.0 0.0 ellipse
700 699 0.0 0.0 ellipse
701 700 0.0 0.0 ellipse
702 701 0.0 0.0 ellipse
703 702 0.0 0.0 ellipse
704 703 0.0 0.0 ellipse
705 704 0.0 0.0 ellipse
706 705 0.0 0.0 ellipse
707 706 0.0 0.0 ellipse
708 707 0.0 0.0 ellipse
709 708 0.0 0.0 ellipse
710 709 0.0 0.0 ellipse
711 710 0.0 0.0 ellipse
712 711 0.0 0.0 ellipse
713 712 0.0 0.0 ellipse
714 713 0.0 0.0 ellipse
715 714 0.0 0.0 ellipse
716 715 0.0 0.0 ellipse
717 716 0.0 0.0 ellipse
718 717 0.0 0.0 ellipse
719 718 0.0 0.0 ellipse
720 719 0.0 0.0 ellipse
721 720 0.0 0.0 ellipse
722 721 0.0 0.0 ellipse
723 722 0.0 0.0 ellipse
724 723 0.0 0.0 ellipse
725 724 0.0 0.0 ellipse
726 725 0.0 0.0 ellipse
727 726 0.0 0.0 ellipse
728 727 0.0 0.0 ellipse
729 728 0.0 0.0 ellipse
730 729 0.0 0.0 ellipse
731 730 0.0 0.0 ellipse
732 731 0.0 0.0 ellipse
733 732 0.0 0.0 ellipse
734 733 0.0 0.0 ellipse
735 734 0.0 0.0 ellipse
736 735 0.0 0.0 ellipse
737 736 0.0 0.0 ellipse
738 737 0.0 0.0 ellipse
739 738 0.0 0.0 ellipse
740 739 0.0 0.0 ellipse
741 740 0.0 0.0 ellipse
742 741 0.0 0.0 ellipse
743 742 0.0 0.0 ellipse
744 743 0.0 0.0 ellipse
745 744 0.0 0.0 ellipse
746 745 0.0 0.0 ellipse
747 746 0.0 0.0 ellipse
748 747 0.0 0.0 ellipse
749 748 0.0 0.0 ellipse
750 749 0.0 0.0 ellipse
751 750 0.0 0.0 ellipse
752 751 0.0 0.0 ellipse
753 752 0.0 0.0 ellipse
754 753 0.0 0.0 ellipse
755 754 0.0 0.0 ellipse
756 755 0.0 0.0 ellipse
757 756 0.0 0.0 ellipse
758 757 0.0 0.0 ellipse
759 758 0.0 0.0 ellipse
760 759 0.0 0.0 ellipse
761 760 0.0 0.0 ellipse
762 761 0.0 0.0 ellipse
763 762 0.0 0.0 ellipse
764 763 0.0 0.0 ellipse
765 764 0.0 0.0 ellipse
766 765 0.0 0.0 ellipse
767 766 0.0 0.0 ellipse
768 767 0.0 0.0 ellipse
769 768 0.0 0.0 ellipse
770 769 0.0 0.0 ellipse
771 770 0.0 0.0 ellipse
772 771 0.0 0.0 ellipse
773 772 0.0 0.0 ellipse
774 773 0.0 0.0 ellipse
775 774 0.0 0.0 ellipse
776 775 0.0 0.0 ellipse
777 776 0.0 0.0 ellipse
778 777 0.0 0.0 ellipse
779 778 0.0 0.0 ellipse
780 779 0.0 0.0 ellipse
781 780 0.0 0.0 ellipse
782 781 0.0 0.0 ellipse
783 782 0.0 0.0 ellipse
784 783 0.0 0.0 ellipse
785 784 0.0 0.0 ellipse
786 785 0.0 0.0 ellipse
787 786 0.0 0.0 ellipse
788 787 0.0 0.0 ellipse
789 788 0.0 0.0 ellipse
790 789 0.0 0.0 ellipse
791 790 0.0 0.0 ellipse
792 791 0.0 0.0 ellipse
793 792 0.0 0.0 ellipse
794 793 0.0 0.0 ellipse
795 794 0.0 0.0 ellipse
796 795 0.0 0.0 ellipse
797 796 0.0 0.0 ellipse
798 797 0.0 0.0 ellipse
799 798 0.0 0.0 ellipse
800 799 0.0 0.0 ellipse
801 800 0.0 0.0 ellipse
802 801 0.0 0.0 ellipse
803 802 0.0 0.0 ellipse
804 803 0.0 0.0 ellipse
805 804 0.0 0.0 ellipse
806 805 0.0 0.0 ellipse
807 806 0.0 0.0 ellipse
808 807 0.0 0.0 ellipse
809 808 0.0 0.0 ellipse
810 809 0.0 0.0 ellipse
811 810 0.0 0.0 ellipse
812 811 0.0 0.0 ellipse
813 812 0.0 0.0 ellipse
814 813 0.0 0.0 ellipse
815 814 0.0 0.0 ellipse
816 815 0.0 0.0 ellipse
817 816 0.0 0.0 ellipse
818 817 0.0 0.0 ellipse
819 818 0.0 0.0 ellipse
820 819 0.0 0.0 ellipse
821 820 0.0 0.0 ellipse
822 821 0.0 0.0 ellipse
823 822 0.0 0.0 ellipse
824 823 0.0 0.0 ellipse
825 824 0.0 0.0 ellipse
826 825 0.0 0.0 ellipse
827 826 0.0 0.0 ellipse
828 827 0.0 0.0 ellipse
829 828 0.0 0.0 ellipse
830 829 0.0 0.0 ellipse
831 830 0.0 0.0 ellipse
832 831 0.0 0.0 ellipse
833 832 0.0 0.0 ellipse
834 833 0.0 0.0 ellipse
835 834 0.0 0.0 ellipse
836 835 0.0 0.0 ellipse
837 836 0.0 0.0 ellipse
838 837 0.0 0.0 ellipse
839 838 0.0 0.0 ellipse
840 839 0.0 0.0 ellipse
841 840 0.0 0.0 ellipse
842 841 0.0 0.0 ellipse
843 842 0.0 0.0 ellipse
844 843 0.0 0.0 ellipse
845 844 0.0 0.0 ellipse
846 845 0.0 0.0 ellipse
847 846 0.0 0.0 ellipse
848 847 0.0 0.0 ellipse
849 848 0.0 0.0 ellipse
850 849 0.0 0.0 ellipse
851 850 0.0 0.0 ellipse
852 851 0.0 0.0 ellipse
853 852 0.0 0.0 ellipse
854 853 0.0 0.0 ellipse
855 854 0.0 0.0 ellipse
856 855 0.0 0.0 ellipse
857 856 0.0 0.0 ellipse
858 857 0.0 0.0 ellipse
859 858 0.0 0.0 ellipse
860 859 0.0 0.0 ellipse
861 860 0.0 0.0 ellipse
862 861 0.0 0.0 ellipse
863 862 0.0 0.0 ellipse
864 863 0.0 0.0 ellipse
865 864 0.0 0.0 ellipse
866 865 0.0 0.0 ellipse
867 866 0.0 0.0 ellipse
868 867 0.0 0.0 ellipse
869 868 0.0 0.0 ellipse
870 869 0.0 0.0 ellipse
871 870 0.0 0.0 ellipse
872 871 0.0 0.0 ellipse
873 872 0.0 0.0 ellipse
874 873 0.0 0.0 ellipse
875 874 0.0 0.0 ellipse
876 875 0.0 0.0 ellipse
877 876 0.0 0.0 ellipse
878 877 0.0 0.0 ellipse
879 878 0.0 0.0 ellipse
880 879 0.0 0.0 ellipse
881 880 0.0 0.0 ellipse
882 881 0.0 0.0 ellipse
883 882 0.0 0.0 ellipse
884 883 0.0 0.0 ellipse
885 884 0.0 0.0 ellipse
886 885 0.0 0.0 ellipse
887 886 0.0 0.0 ellipse
888 887 0.0 0.0 ellipse
889 888 0.0 0.0 ellipse
890 889 0.0 0.0 ellipse
891 890 0.0 0.0 ellipse
892 891 0.0 0.0 ellipse
893 892 0.0 0.0 ellipse
894 893 0.0 0.0 ellipse
895 894 0.0 0.0 ellipse
896 895 0.0 0.0 ellipse
897 896 0.0 0.0 ellipse
898 897 0.0 0.0 ellipse
899 898 0.0 0.0 ellipse
900 899 0.0 0.0 ellipse
901 900 0.0 0.0 ellipse
902 901 0.0 0.0 ellipse
903 902 0.0 0.0 ellipse
904 903 0.0 0.0 ellipse
905 904 0.0 0.0 ellipse
906 905 0.0 0.0 ellipse
907 906 0.0 0.0 ellipse
908 907 0.0 0.0 ellipse
909 908 0.0 0.0 ellipse
910 909 0.0 0.0 ellipse
911 910 0.0 0.0 ellipse
912 911 0.0 0.0 ellipse
913 912 0.0 0.0 ellipse
914 913 0.0 0.0 ellipse
915 914 0.0 0.0 ellipse
916 915 0.0 0.0 ellipse
917 916 0.0 0.0 ellipse
918 917 0.0 0.0 ellipse
919 918 0.0 0.0 ellipse
920 919 0.0 0.0 ellipse
921 920 0.0 0.0 ellipse
922 921 0.0 0.0 ellipse
923 922 0.0 0.0 ellipse
924 923 0.0 0.0 ellipse
925 924 0.0 0.0 ellipse
926 925 0.0 0.0 ellipse
927 926 0.0 0.0 ellipse
928 927 0.0 0.0 ellipse
929 928 0.0 0.0 ellipse
930 929 0.0 0.0 ellipse
931 930 0.0 0.0 ellipse
932 931 0.0 0.0 ellipse
933 932 0.0 0.0 ellipse
934 933 0.0 0.0 ellipse
935 934 0.0 0.0 ellipse
936 935 0.0 0.0 ellipse
937 936 0.0 0.0 ellipse
938 937 0.0 0.0 ellipse
939 938 0.0 0.0 ellipse
940 939 0.0 0.0 ellipse
941 940 0.0 0.0 ellipse
942 941 0.0 0.0 ellipse
943 942 0.0 0.0 ellipse
944 943 0.0 0.0 ellipse
945 944 0.0 0.0 ellipse
946 945 0.0 0.0 ellipse
947 946 0.0 0.0 ellipse
948 947 0.0 0.0 ellipse
949 948 0.0 0.0 ellipse
950 949 0.0 0.0 ellipse
951 950 0.0 0.0 ellipse
952 951 0.0 0.0 ellipse
953 952 0.0 0.0 ellipse
954 953 0.0 0.0 ellipse
955 954 0.0 0.0 ellipse
956 955 0.0 0.0 ellipse
957 956 0.0 0.0 ellipse
958 957 0.0 0.0 ellipse
959 958 0.0 0.0 ellipse
960 959 0.0 0.0 ellipse
961 960 0.0 0.0 ellipse
962 961 0.0 0.0 ellipse
963 962 0.0 0.0 ellipse
964 963 0.0 0.0 ellipse
965 964 0.0 0.0 ellipse
966 965 0.0 0.0 ellipse
967 966 0.0 0.0 ellipse
968 967 0.0 0.0 ellipse
969 968 0.0 0.0 ellipse
970 969 0.0 0.0 ellipse
971 970 0.0 0.0 ellipse
972 971 0.0 0.0 ellipse
973 972 0.0 0.0 ellipse
974 973 0.0 0.0 ellipse
975 974 0.0 0.0 ellipse
976 975 0.0 0.0 ellipse
977 976 0.0 0.0 ellipse
978 977 0.0 0.0 ellipse
979 978 0.0 0.0 ellipse
980 979 0.0 0.0 ellipse
981 980 0.0 0.0 ellipse
982 981 0.0 0.0 ellipse
983 982 0.0 0.0 ellipse
984 983 0.0 0.0 ellipse
985 984 0.0 0.0 ellipse
986 985 0.0 0.0 ellipse
987 986 0.0 0.0 ellipse
988 987 0.0 0.0 ellipse
989 988 0.0 0.0 ellipse
990 989 0.0 0.0 ellipse
991 990 0.0 0.0 ellipse
992 991 0.0 0.0 ellipse
993 992 0.0 0.0 ellipse
994 993 0.0 0.0 ellipse
995 994 0.0 0.0 ellipse
996 995 0.0 0.0 ellipse
997 996 0.0 0.0 ellipse
998 997 0.0 0.0 ellipse
999 998 0.0 0.0 ellipse
1000 999 0.0 0.0 ellipse
*edges
1 2 1.0
1 3 1.0
1 999 1.0
1 1000 1.0
1 708 1.0
1 761 1.0
2 3 1.0
2 4 1.0
2 1000 1.0
2 733 1.0
3 4 1.0
3 5 1.0
3 858 1.0
4 5 1.0
4 6 1.0
4 510 1.0
5 6 1.0
5 642 1.0
6 357 1.0
7 8 1.0
7 9 1.0
7 371 1.0
7 706 1.0
8 9 1.0
8 10 1.0
8 604 1.0
9 11 1.0
9 622 1.0
9 496 1.0
10 11 1.0
10 540 1.0
11 12 1.0
11 224 1.0
11 503 1.0
12 938 1.0
12 479 1.0
13 14 1.0
13 15 1.0
13 235 1.0
13 56 1.0
13 57 1.0
13 607 1.0
14 16 1.0
14 812 1.0
14 361 1.0
14 489 1.0
15 16 1.0
15 442 1.0
15 126 1.0
15 310 1.0
16 18 1.0
16 566 1.0
16 472 1.0
16 535 1.0
17 18 1.0
17 19 1.0
18 19 1.0
18 20 1.0
18 725 1.0
19 209 1.0
20 22 1.0
21 22 1.0
21 23 1.0
21 127 1.0
21 73 1.0
22 23 1.0
22 24 1.0
23 24 1.0
23 529 1.0
23 850 1.0
24 26 1.0
24 947 1.0
25 26 1.0
25 27 1.0
25 989 1.0
25 263 1.0
26 27 1.0
26 981 1.0
26 919 1.0
27 28 1.0
27 29 1.0
27 478 1.0
27 873 1.0
28 29 1.0
28 30 1.0
28 309 1.0
29 30 1.0
29 31 1.0
30 32 1.0
30 131 1.0
30 973 1.0
31 32 1.0
31 33 1.0
31 639 1.0
31 140 1.0
32 33 1.0
33 34 1.0
33 137 1.0
34 35 1.0
34 56 1.0
34 216 1.0
35 36 1.0
35 37 1.0
35 845 1.0
36 37 1.0
36 863 1.0
37 39 1.0
37 860 1.0
38 39 1.0
38 40 1.0
38 319 1.0
38 623 1.0
39 40 1.0
40 41 1.0
40 306 1.0
40 401 1.0
40 840 1.0
41 43 1.0
41 834 1.0
41 61 1.0
42 44 1.0
42 655 1.0
43 44 1.0
43 248 1.0
44 46 1.0
44 923 1.0
44 45 1.0
45 261 1.0
46 47 1.0
46 48 1.0
46 308 1.0
46 928 1.0
47 48 1.0
47 49 1.0
48 50 1.0
49 50 1.0
49 51 1.0
50 52 1.0
50 802 1.0
51 53 1.0
51 748 1.0
52 53 1.0
52 54 1.0
52 960 1.0
53 54 1.0
53 55 1.0
54 55 1.0
55 57 1.0
55 782 1.0
55 430 1.0
56 58 1.0
56 418 1.0
57 58 1.0
57 845 1.0
58 59 1.0
58 60 1.0
58 352 1.0
59 60 1.0
59 61 1.0
60 61 1.0
60 62 1.0
60 637 1.0
61 62 1.0
62 64 1.0
62 498 1.0
62 617 1.0
63 64 1.0
63 951 1.0
63 196 1.0
64 65 1.0
64 66 1.0
65 67 1.0
66 67 1.0
66 68 1.0
66 759 1.0
67 68 1.0
67 378 1.0
67 912 1.0
68 899 1.0
69 70 1.0
69 71 1.0
69 99 1.0
70 71 1.0
70 142 1.0
70 280 1.0
71 72 1.0
71 73 1.0
71 854 1.0
71 979 1.0
72 74 1.0
72 197 1.0
72 701 1.0
72 599 1.0
73 273 1.0
74 373 1.0
74 846 1.0
75 76 1.0
75 674 1.0
75 664 1.0
75 101 1.0
76 77 1.0
76 78 1.0
77 78 1.0
77 79 1.0
78 80 1.0
78 887 1.0
79 80 1.0
79 647 1.0
79 997 1.0
79 532 1.0
79 802 1.0
80 82 1.0
80 124 1.0
80 408 1.0
81 82 1.0
81 83 1.0
81 635 1.0
82 83 1.0
82 84 1.0
82 339 1.0
83 84 1.0
83 85 1.0
83 92 1.0
83 388 1.0
84 85 1.0
84 86 1.0
85 86 1.0
85 87 1.0
85 236 1.0
86 360 1.0
87 89 1.0
87 375 1.0
87 595 1.0
87 477 1.0
88 89 1.0
88 90 1.0
89 91 1.0
89 455 1.0
90 91 1.0
90 92 1.0
90 774 1.0
90 994 1.0
91 93 1.0
91 641 1.0
93 95 1.0
93 772 1.0
94 95 1.0
94 744 1.0
94 595 1.0
94 950 1.0
95 96 1.0
96 97 1.0
96 98 1.0
97 98 1.0
97 99 1.0
97 215 1.0
97 986 1.0
98 99 1.0
98 100 1.0
98 644 1.0
99 100 1.0
100 904 1.0
100 171 1.0
100 206 1.0
101 102 1.0
101 242 1.0
101 361 1.0
102 103 1.0
102 602 1.0
102 482 1.0
102 889 1.0
103 104 1.0
104 105 1.0
104 106 1.0
105 106 1.0
105 312 1.0
105 108 1.0
105 882 1.0
106 107 1.0
106 108 1.0
107 109 1.0
107 370 1.0
107 418 1.0
108 110 1.0
108 749 1.0
108 890 1.0
109 537 1.0
109 523 1.0
109 586 1.0
109 850 1.0
110 111 1.0
110 112 1.0
111 112 1.0
111 113 1.0
112 113 1.0
112 114 1.0
113 114 1.0
113 701 1.0
113 244 1.0
114 115 1.0
114 116 1.0
114 565 1.0
115 458 1.0
116 117 1.0
116 118 1.0
117 151 1.0
117 219 1.0
118 119 1.0
118 813 1.0
118 188 1.0
118 997 1.0
119 120 1.0
119 121 1.0
120 122 1.0
120 463 1.0
121 755 1.0
121 466 1.0
121 961 1.0
122 123 1.0
122 124 1.0
123 125 1.0
123 301 1.0
124 125 1.0
124 126 1.0
124 195 1.0
125 126 1.0
125 127 1.0
125 539 1.0
126 127 1.0
126 624 1.0
126 390 1.0
126 418 1.0
127 129 1.0
127 329 1.0
128 130 1.0
128 415 1.0
128 569 1.0
129 608 1.0
130 131 1.0
131 755 1.0
131 944 1.0
131 470 1.0
131 587 1.0
132 133 1.0
132 134 1.0
132 443 1.0
133 134 1.0
133 135 1.0
133 526 1.0
134 135 1.0
135 136 1.0
135 137 1.0
135 365 1.0
135 696 1.0
136 137 1.0
136 620 1.0
136 456 1.0
137 138 1.0
137 967 1.0
138 139 1.0
138 522 1.0
138 547 1.0
138 449 1.0
139 140 1.0
139 141 1.0
139 507 1.0
140 731 1.0
141 652 1.0
142 143 1.0
143 918 1.0
143 298 1.0
143 714 1.0
144 145 1.0
144 146 1.0
144 193 1.0
144 292 1.0
144 563 1.0
144 834 1.0
145 146 1.0
145 147 1.0
146 147 1.0
146 148 1.0
147 149 1.0
147 473 1.0
148 149 1.0
148 150 1.0
148 394 1.0
148 456 1.0
149 150 1.0
149 151 1.0
150 151 1.0
150 152 1.0
150 684 1.0
151 152 1.0
151 153 1.0
151 573 1.0
152 154 1.0
152 597 1.0
152 541 1.0
153 520 1.0
153 323 1.0
154 155 1.0
154 156 1.0
154 407 1.0
156 157 1.0
156 158 1.0
156 462 1.0
157 159 1.0
157 334 1.0
158 159 1.0
159 161 1.0
159 253 1.0
160 161 1.0
160 162 1.0
160 281 1.0
160 269 1.0
161 162 1.0
161 323 1.0
162 163 1.0
162 164 1.0
163 164 1.0
163 165 1.0
163 336 1.0
163 606 1.0
164 165 1.0
164 968 1.0
164 267 1.0
165 166 1.0
165 167 1.0
165 223 1.0
165 506 1.0
165 717 1.0
166 167 1.0
166 168 1.0
167 169 1.0
168 169 1.0
168 170 1.0
168 494 1.0
168 695 1.0
169 170 1.0
171 172 1.0
171 173 1.0
171 386 1.0
172 601 1.0
173 175 1.0
173 549 1.0
173 876 1.0
174 175 1.0
174 947 1.0
175 176 1.0
176 178 1.0
176 780 1.0
176 862 1.0
177 178 1.0
177 179 1.0
177 774 1.0
177 898 1.0
178 179 1.0
178 503 1.0
179 181 1.0
179 207 1.0
180 182 1.0
180 306 1.0
180 353 1.0
180 585 1.0
180 868 1.0
181 182 1.0
181 183 1.0
181 218 1.0
182 184 1.0
183 184 1.0
184 185 1.0
184 186 1.0
185 186 1.0
185 187 1.0
185 333 1.0
186 187 1.0
187 188 1.0
187 189 1.0
187 469 1.0
188 190 1.0
188 964 1.0
189 190 1.0
189 191 1.0
189 346 1.0
190 191 1.0
190 192 1.0
191 192 1.0
191 193 1.0
191 584 1.0
192 193 1.0
192 194 1.0
193 672 1.0
194 195 1.0
194 196 1.0
194 835 1.0
195 206 1.0
196 197 1.0
196 292 1.0
196 927 1.0
197 198 1.0
197 199 1.0
197 717 1.0
198 199 1.0
199 200 1.0
199 363 1.0
200 201 1.0
200 202 1.0
200 374 1.0
201 304 1.0
202 203 1.0
202 204 1.0
202 596 1.0
203 204 1.0
203 205 1.0
204 205 1.0
205 207 1.0
205 567 1.0
205 811 1.0
206 208 1.0
207 208 1.0
207 209 1.0
207 915 1.0
208 210 1.0
208 352 1.0
209 210 1.0
209 211 1.0
209 726 1.0
209 852 1.0
210 212 1.0
210 823 1.0
211 212 1.0
211 213 1.0
211 904 1.0
211 961 1.0
212 214 1.0
212 948 1.0
213 379 1.0
213 759 1.0
213 438 1.0
214 215 1.0
214 886 1.0
215 216 1.0
215 317 1.0
216 217 1.0
216 218 1.0
216 266 1.0
216 386 1.0
216 538 1.0
217 219 1.0
218 219 1.0
218 526 1.0
219 220 1.0
219 221 1.0
220 221 1.0
220 222 1.0
221 222 1.0
221 223 1.0
221 458 1.0
222 223 1.0
222 224 1.0
223 225 1.0
224 225 1.0
224 226 1.0
224 638 1.0
224 906 1.0
225 597 1.0
225 243 1.0
226 227 1.0
226 354 1.0
226 632 1.0
226 755 1.0
227 479 1.0
227 259 1.0
227 742 1.0
227 770 1.0
228 229 1.0
228 230 1.0
228 579 1.0
228 527 1.0
229 230 1.0
229 231 1.0
229 236 1.0
229 692 1.0
230 231 1.0
231 233 1.0
232 884 1.0
233 234 1.0
233 235 1.0
233 468 1.0
234 235 1.0
234 236 1.0
235 237 1.0
235 475 1.0
235 772 1.0
236 237 1.0
236 768 1.0
236 839 1.0
237 642 1.0
237 979 1.0
238 239 1.0
238 240 1.0
239 240 1.0
239 241 1.0
240 241 1.0
240 242 1.0
241 242 1.0
241 243 1.0
241 934 1.0
241 283 1.0
241 304 1.0
241 403 1.0
241 802 1.0
242 243 1.0
242 244 1.0
243 245 1.0
243 560 1.0
244 245 1.0
245 246 1.0
245 247 1.0
246 247 1.0
246 248 1.0
247 248 1.0
247 249 1.0
247 534 1.0
248 250 1.0
248 939 1.0
249 251 1.0
249 342 1.0
250 252 1.0
250 695 1.0
251 252 1.0
251 647 1.0
251 997 1.0
252 253 1.0
252 274 1.0
253 254 1.0
254 255 1.0
254 256 1.0
254 748 1.0
254 984 1.0
255 256 1.0
255 257 1.0
255 309 1.0
255 649 1.0
256 257 1.0
256 258 1.0
257 258 1.0
257 259 1.0
258 260 1.0
259 260 1.0
259 327 1.0
260 261 1.0
260 262 1.0
260 299 1.0
261 263 1.0
261 986 1.0
262 264 1.0
263 264 1.0
263 919 1.0
264 266 1.0
264 463 1.0
264 987 1.0
265 567 1.0
265 537 1.0
266 267 1.0
267 268 1.0
267 596 1.0
268 270 1.0
268 677 1.0
268 855 1.0
268 903 1.0
269 270 1.0
269 271 1.0
269 392 1.0
270 271 1.0
270 272 1.0
271 272 1.0
271 273 1.0
272 274 1.0
273 275 1.0
273 823 1.0
274 275 1.0
274 276 1.0
274 859 1.0
275 276 1.0
275 277 1.0
276 277 1.0
276 278 1.0
277 278 1.0
277 676 1.0
277 873 1.0
278 280 1.0
279 716 1.0
279 922 1.0
280 281 1.0
280 282 1.0
281 283 1.0
281 906 1.0
281 444 1.0
281 850 1.0
282 283 1.0
282 998 1.0
283 284 1.0
283 729 1.0
284 285 1.0
284 286 1.0
284 382 1.0
285 286 1.0
285 287 1.0
286 287 1.0
286 288 1.0
286 290 1.0
287 288 1.0
287 289 1.0
287 334 1.0
288 289 1.0
288 290 1.0
288 558 1.0
289 290 1.0
289 291 1.0
290 291 1.0
290 640 1.0
291 293 1.0
291 902 1.0
291 779 1.0
292 293 1.0
293 295 1.0
294 296 1.0
295 296 1.0
295 297 1.0
295 506 1.0
295 950 1.0
296 297 1.0
296 298 1.0
296 519 1.0
296 831 1.0
297 298 1.0
297 299 1.0
297 704 1.0
298 299 1.0
298 300 1.0
300 301 1.0
300 302 1.0
300 372 1.0
301 302 1.0
301 303 1.0
301 966 1.0
302 303 1.0
302 869 1.0
303 304 1.0
303 305 1.0
304 305 1.0
304 983 1.0
305 307 1.0
307 489 1.0
307 391 1.0
307 413 1.0
307 743 1.0
307 880 1.0
307 907 1.0
308 496 1.0
309 310 1.0
309 311 1.0
310 311 1.0
310 312 1.0
310 328 1.0
310 551 1.0
311 312 1.0
311 726 1.0
311 562 1.0
311 754 1.0
312 313 1.0
312 314 1.0
313 315 1.0
313 857 1.0
314 316 1.0
314 531 1.0
314 588 1.0
315 316 1.0
315 317 1.0
315 663 1.0
315 950 1.0
316 317 1.0
316 318 1.0
317 319 1.0
318 319 1.0
318 320 1.0
319 321 1.0
319 418 1.0
319 760 1.0
320 321 1.0
320 322 1.0
320 504 1.0
320 998 1.0
321 322 1.0
321 595 1.0
322 324 1.0
323 324 1.0
323 325 1.0
324 325 1.0
324 326 1.0
324 603 1.0
325 326 1.0
325 327 1.0
326 327 1.0
326 839 1.0
327 329 1.0
327 668 1.0
328 329 1.0
328 760 1.0
329 330 1.0
330 331 1.0
330 332 1.0
330 915 1.0
330 893 1.0
331 332 1.0
331 405 1.0
331 671 1.0
332 333 1.0
332 334 1.0
334 335 1.0
334 336 1.0
334 860 1.0
335 336 1.0
336 424 1.0
336 484 1.0
336 893 1.0
337 338 1.0
337 339 1.0
337 522 1.0
337 817 1.0
338 339 1.0
338 340 1.0
338 484 1.0
339 340 1.0
339 341 1.0
340 502 1.0
341 342 1.0
341 484 1.0
341 499 1.0
341 773 1.0
342 343 1.0
342 344 1.0
342 998 1.0
342 605 1.0
342 665 1.0
342 811 1.0
343 344 1.0
343 345 1.0
343 543 1.0
344 345 1.0
344 452 1.0
344 684 1.0
345 347 1.0
345 640 1.0
346 348 1.0
346 529 1.0
347 349 1.0
347 994 1.0
347 534 1.0
348 743 1.0
349 607 1.0
349 353 1.0
349 887 1.0
349 734 1.0
349 629 1.0
350 352 1.0
350 757 1.0
350 443 1.0
350 871 1.0
351 352 1.0
351 353 1.0
351 457 1.0
352 354 1.0
352 374 1.0
352 466 1.0
353 354 1.0
353 355 1.0
354 355 1.0
354 703 1.0
355 356 1.0
355 357 1.0
355 779 1.0
356 357 1.0
356 702 1.0
356 448 1.0
357 358 1.0
357 359 1.0
357 471 1.0
357 860 1.0
358 360 1.0
358 645 1.0
358 421 1.0
359 360 1.0
359 361 1.0
360 361 1.0
360 362 1.0
362 364 1.0
362 409 1.0
363 792 1.0
364 365 1.0
364 366 1.0
364 733 1.0
364 756 1.0
365 366 1.0
366 367 1.0
367 368 1.0
367 369 1.0
367 867 1.0
368 369 1.0
368 370 1.0
368 447 1.0
368 759 1.0
368 769 1.0
369 370 1.0
370 372 1.0
370 940 1.0
371 372 1.0
371 727 1.0
371 641 1.0
372 373 1.0
372 374 1.0
372 903 1.0
373 439 1.0
373 974 1.0
374 375 1.0
374 376 1.0
375 376 1.0
375 377 1.0
376 378 1.0
376 539 1.0
377 379 1.0
377 865 1.0
378 998 1.0
379 381 1.0
379 658 1.0
379 393 1.0
379 656 1.0
380 382 1.0
381 382 1.0
381 383 1.0
381 530 1.0
381 459 1.0
381 782 1.0
382 384 1.0
382 645 1.0
383 384 1.0
383 996 1.0
383 459 1.0
383 722 1.0
384 385 1.0
384 386 1.0
385 387 1.0
385 668 1.0
385 664 1.0
386 483 1.0
387 388 1.0
388 390 1.0
388 802 1.0
389 532 1.0
390 392 1.0
391 392 1.0
391 393 1.0
392 394 1.0
392 754 1.0
392 454 1.0
393 394 1.0
393 395 1.0
393 555 1.0
394 395 1.0
394 580 1.0
395 396 1.0
395 397 1.0
396 397 1.0
396 836 1.0
397 398 1.0
397 399 1.0
398 400 1.0
398 541 1.0
399 400 1.0
399 401 1.0
399 479 1.0
399 443 1.0
400 401 1.0
400 610 1.0
402 403 1.0
402 404 1.0
402 989 1.0
402 594 1.0
402 950 1.0
403 501 1.0
403 855 1.0
404 405 1.0
404 406 1.0
405 406 1.0
405 494 1.0
405 752 1.0
407 408 1.0
408 409 1.0
408 410 1.0
408 487 1.0
409 410 1.0
409 433 1.0
409 457 1.0
409 636 1.0
410 445 1.0
410 506 1.0
411 412 1.0
411 413 1.0
412 414 1.0
412 502 1.0
412 970 1.0
412 679 1.0
413 577 1.0
414 416 1.0
415 416 1.0
415 417 1.0
415 667 1.0
415 811 1.0
415 942 1.0
416 484 1.0
417 418 1.0
417 633 1.0
419 420 1.0
419 755 1.0
420 421 1.0
420 422 1.0
421 422 1.0
421 423 1.0
421 677 1.0
422 423 1.0
423 425 1.0
424 425 1.0
424 426 1.0
424 974 1.0
424 594 1.0
425 426 1.0
425 427 1.0
426 427 1.0
426 439 1.0
427 428 1.0
427 429 1.0
427 529 1.0
429 430 1.0
429 431 1.0
429 929 1.0
430 431 1.0
431 432 1.0
432 433 1.0
432 434 1.0
432 801 1.0
433 434 1.0
433 435 1.0
433 646 1.0
434 435 1.0
434 436 1.0
434 802 1.0
435 436 1.0
435 437 1.0
436 437 1.0
436 438 1.0
437 439 1.0
438 439 1.0
438 997 1.0
439 441 1.0
440 442 1.0
440 624 1.0
441 442 1.0
441 836 1.0
442 590 1.0
444 445 1.0
444 676 1.0
445 446 1.0
445 447 1.0
446 448 1.0
446 732 1.0
447 448 1.0
447 449 1.0
448 449 1.0
448 869 1.0
449 450 1.0
450 452 1.0
450 799 1.0
450 599 1.0
451 452 1.0
452 453 1.0
452 454 1.0
453 454 1.0
453 853 1.0
453 897 1.0
456 458 1.0
456 623 1.0
457 458 1.0
457 459 1.0
459 461 1.0
459 629 1.0
459 624 1.0
460 461 1.0
460 462 1.0
461 463 1.0
462 464 1.0
463 464 1.0
463 561 1.0
464 465 1.0
464 466 1.0
465 466 1.0
465 467 1.0
466 467 1.0
467 469 1.0
467 583 1.0
467 937 1.0
468 470 1.0
469 470 1.0
469 500 1.0
470 472 1.0
470 706 1.0
471 473 1.0
472 694 1.0
473 848 1.0
474 475 1.0
474 476 1.0
475 476 1.0
475 752 1.0
476 477 1.0
476 478 1.0
476 932 1.0
477 478 1.0
477 479 1.0
478 480 1.0
478 769 1.0
478 951 1.0
479 625 1.0
480 481 1.0
480 482 1.0
481 482 1.0
481 780 1.0
481 743 1.0
481 843 1.0
483 484 1.0
483 485 1.0
483 642 1.0
483 774 1.0
484 854 1.0
485 486 1.0
485 487 1.0
485 502 1.0
485 721 1.0
485 876 1.0
485 886 1.0
486 487 1.0
486 488 1.0
486 640 1.0
487 488 1.0
488 489 1.0
489 490 1.0
489 753 1.0
490 491 1.0
490 492 1.0
490 788 1.0
491 492 1.0
491 493 1.0
492 494 1.0
493 494 1.0
493 495 1.0
493 922 1.0
494 516 1.0
495 496 1.0
495 497 1.0
497 498 1.0
497 499 1.0
498 499 1.0
498 500 1.0
499 500 1.0
500 501 1.0
500 502 1.0
501 503 1.0
502 819 1.0
503 784 1.0
504 505 1.0
504 509 1.0
505 506 1.0
505 507 1.0
506 686 1.0
507 508 1.0
507 899 1.0
508 510 1.0
508 932 1.0
509 846 1.0
510 511 1.0
510 913 1.0
511 512 1.0
511 513 1.0
511 847 1.0
512 513 1.0
512 514 1.0
512 667 1.0
513 514 1.0
513 515 1.0
513 945 1.0
514 516 1.0
515 516 1.0
515 517 1.0
516 517 1.0
516 518 1.0
517 518 1.0
517 519 1.0
518 519 1.0
518 520 1.0
519 520 1.0
520 521 1.0
520 522 1.0
521 522 1.0
521 523 1.0
522 524 1.0
523 524 1.0
524 525 1.0
525 526 1.0
525 527 1.0
526 528 1.0
526 545 1.0
527 528 1.0
528 530 1.0
529 530 1.0
529 531 1.0
529 785 1.0
529 855 1.0
530 531 1.0
531 533 1.0
532 836 1.0
532 632 1.0
533 535 1.0
533 886 1.0
534 535 1.0
534 536 1.0
536 537 1.0
536 538 1.0
537 538 1.0
539 541 1.0
540 541 1.0
540 542 1.0
540 602 1.0
541 542 1.0
541 543 1.0
541 679 1.0
542 543 1.0
542 544 1.0
542 674 1.0
543 545 1.0
544 546 1.0
544 828 1.0
545 547 1.0
546 547 1.0
546 634 1.0
547 548 1.0
547 549 1.0
548 550 1.0
548 735 1.0
549 550 1.0
549 551 1.0
549 846 1.0
550 551 1.0
550 552 1.0
551 553 1.0
552 554 1.0
552 931 1.0
553 554 1.0
553 555 1.0
554 556 1.0
554 589 1.0
555 556 1.0
556 557 1.0
556 661 1.0
557 558 1.0
557 559 1.0
557 723 1.0
557 758 1.0
557 807 1.0
558 559 1.0
558 818 1.0
559 560 1.0
559 948 1.0
562 563 1.0
562 686 1.0
562 920 1.0
562 870 1.0
563 564 1.0
563 622 1.0
564 565 1.0
564 566 1.0
564 756 1.0
565 566 1.0
565 567 1.0
566 567 1.0
566 807 1.0
566 591 1.0
567 569 1.0
567 790 1.0
567 639 1.0
568 569 1.0
568 570 1.0
569 570 1.0
569 589 1.0
570 571 1.0
570 796 1.0
570 734 1.0
571 573 1.0
572 573 1.0
572 574 1.0
572 798 1.0
572 944 1.0
573 574 1.0
573 575 1.0
573 784 1.0
574 575 1.0
574 576 1.0
575 576 1.0
575 577 1.0
576 577 1.0
576 578 1.0
577 805 1.0
578 579 1.0
578 580 1.0
578 650 1.0
579 580 1.0
579 723 1.0
580 582 1.0
580 922 1.0
581 582 1.0
581 583 1.0
582 583 1.0
582 584 1.0
582 622 1.0
583 585 1.0
583 718 1.0
584 586 1.0
584 989 1.0
585 586 1.0
585 587 1.0
586 688 1.0
587 589 1.0
587 725 1.0
588 590 1.0
588 970 1.0
589 590 1.0
589 591 1.0
590 592 1.0
591 592 1.0
591 593 1.0
592 593 1.0
593 594 1.0
593 595 1.0
595 597 1.0
595 642 1.0
595 827 1.0
596 597 1.0
597 598 1.0
597 599 1.0
597 867 1.0
598 600 1.0
598 833 1.0
599 600 1.0
600 601 1.0
600 602 1.0
601 602 1.0
601 673 1.0
601 954 1.0
602 603 1.0
602 604 1.0
603 604 1.0
604 605 1.0
604 813 1.0
605 607 1.0
605 741 1.0
606 607 1.0
606 818 1.0
607 608 1.0
607 609 1.0
608 609 1.0
608 610 1.0
609 610 1.0
609 611 1.0
610 611 1.0
610 612 1.0
610 867 1.0
611 612 1.0
611 613 1.0
612 613 1.0
612 614 1.0
613 614 1.0
613 615 1.0
614 615 1.0
614 999 1.0
614 763 1.0
615 616 1.0
615 652 1.0
615 617 1.0
615 634 1.0
616 618 1.0
617 618 1.0
618 619 1.0
619 620 1.0
619 621 1.0
619 860 1.0
620 621 1.0
620 670 1.0
620 797 1.0
620 858 1.0
621 622 1.0
621 623 1.0
622 624 1.0
623 625 1.0
624 625 1.0
624 626 1.0
625 627 1.0
625 875 1.0
626 627 1.0
626 628 1.0
626 726 1.0
626 964 1.0
627 628 1.0
627 629 1.0
627 756 1.0
628 629 1.0
629 630 1.0
630 632 1.0
630 845 1.0
631 633 1.0
631 901 1.0
632 633 1.0
632 964 1.0
633 634 1.0
636 638 1.0
637 852 1.0
637 673 1.0
637 692 1.0
638 833 1.0
641 642 1.0
641 643 1.0
642 643 1.0
643 644 1.0
644 645 1.0
644 646 1.0
645 646 1.0
645 704 1.0
646 647 1.0
646 648 1.0
647 648 1.0
648 649 1.0
648 650 1.0
648 658 1.0
648 836 1.0
649 650 1.0
649 651 1.0
650 652 1.0
651 652 1.0
651 653 1.0
652 653 1.0
652 654 1.0
653 654 1.0
654 655 1.0
655 657 1.0
656 657 1.0
656 658 1.0
656 664 1.0
656 720 1.0
657 658 1.0
657 659 1.0
657 855 1.0
658 862 1.0
658 979 1.0
659 660 1.0
659 661 1.0
660 661 1.0
660 719 1.0
661 662 1.0
661 663 1.0
662 663 1.0
662 970 1.0
663 665 1.0
664 665 1.0
664 666 1.0
665 667 1.0
666 667 1.0
666 668 1.0
666 981 1.0
667 668 1.0
667 669 1.0
667 829 1.0
668 670 1.0
669 670 1.0
669 671 1.0
669 963 1.0
669 704 1.0
670 671 1.0
670 770 1.0
671 672 1.0
671 673 1.0
672 674 1.0
673 674 1.0
673 675 1.0
674 675 1.0
674 870 1.0
676 677 1.0
676 678 1.0
677 678 1.0
677 679 1.0
678 680 1.0
679 680 1.0
679 978 1.0
680 681 1.0
680 682 1.0
681 682 1.0
681 683 1.0
682 683 1.0
682 684 1.0
683 684 1.0
683 685 1.0
685 686 1.0
685 687 1.0
686 687 1.0
686 688 1.0
687 688 1.0
687 689 1.0
688 689 1.0
688 690 1.0
689 690 1.0
689 691 1.0
689 851 1.0
690 691 1.0
691 993 1.0
692 693 1.0
692 903 1.0
693 694 1.0
693 695 1.0
693 856 1.0
694 695 1.0
694 696 1.0
694 963 1.0
695 697 1.0
696 698 1.0
697 699 1.0
697 897 1.0
697 811 1.0
698 699 1.0
698 700 1.0
698 761 1.0
699 700 1.0
699 701 1.0
699 900 1.0
700 701 1.0
700 702 1.0
700 847 1.0
701 702 1.0
701 789 1.0
702 939 1.0
703 705 1.0
704 706 1.0
705 707 1.0
705 748 1.0
706 707 1.0
706 708 1.0
707 801 1.0
707 975 1.0
708 709 1.0
708 710 1.0
709 710 1.0
709 711 1.0
709 993 1.0
710 711 1.0
710 712 1.0
711 712 1.0
711 713 1.0
712 713 1.0
712 714 1.0
713 714 1.0
713 715 1.0
714 715 1.0
714 716 1.0
716 717 1.0
716 806 1.0
716 841 1.0
719 720 1.0
719 721 1.0
720 721 1.0
722 723 1.0
722 724 1.0
723 725 1.0
724 725 1.0
724 848 1.0
726 728 1.0
727 728 1.0
727 729 1.0
727 814 1.0
729 730 1.0
729 731 1.0
730 731 1.0
730 732 1.0
730 953 1.0
731 732 1.0
732 733 1.0
732 734 1.0
734 735 1.0
734 736 1.0
735 737 1.0
735 889 1.0
736 738 1.0
736 806 1.0
737 738 1.0
737 739 1.0
737 819 1.0
738 739 1.0
738 740 1.0
739 740 1.0
739 741 1.0
740 741 1.0
741 742 1.0
741 743 1.0
742 744 1.0
742 927 1.0
743 744 1.0
743 745 1.0
744 745 1.0
744 746 1.0
745 747 1.0
745 923 1.0
746 748 1.0
746 892 1.0
746 761 1.0
747 749 1.0
748 749 1.0
748 830 1.0
749 750 1.0
749 751 1.0
751 752 1.0
751 753 1.0
751 767 1.0
752 753 1.0
752 754 1.0
753 755 1.0
754 927 1.0
755 757 1.0
757 870 1.0
758 759 1.0
758 760 1.0
759 760 1.0
760 761 1.0
762 763 1.0
762 764 1.0
763 764 1.0
763 765 1.0
764 765 1.0
764 766 1.0
764 994 1.0
765 766 1.0
765 853 1.0
766 768 1.0
766 895 1.0
767 768 1.0
767 769 1.0
768 769 1.0
768 866 1.0
769 912 1.0
769 979 1.0
770 772 1.0
771 773 1.0
772 773 1.0
772 774 1.0
773 775 1.0
774 776 1.0
775 776 1.0
775 858 1.0
776 777 1.0
776 778 1.0
776 981 1.0
777 778 1.0
777 779 1.0
777 782 1.0
779 781 1.0
780 781 1.0
781 782 1.0
781 783 1.0
782 783 1.0
783 784 1.0
783 785 1.0
784 959 1.0
784 918 1.0
785 786 1.0
785 787 1.0
786 787 1.0
786 943 1.0
786 897 1.0
787 789 1.0
787 995 1.0
788 789 1.0
788 790 1.0
788 821 1.0
789 791 1.0
789 965 1.0
790 791 1.0
790 792 1.0
790 930 1.0
791 792 1.0
791 793 1.0
792 793 1.0
792 794 1.0
793 794 1.0
793 795 1.0
794 795 1.0
794 796 1.0
794 993 1.0
795 796 1.0
795 985 1.0
796 797 1.0
796 798 1.0
797 798 1.0
797 799 1.0
798 799 1.0
799 800 1.0
799 801 1.0
800 801 1.0
801 803 1.0
803 804 1.0
803 805 1.0
804 805 1.0
804 806 1.0
805 806 1.0
805 807 1.0
805 841 1.0
806 987 1.0
807 808 1.0
808 809 1.0
809 810 1.0
809 841 1.0
809 951 1.0
810 812 1.0
810 957 1.0
812 813 1.0
813 951 1.0
813 923 1.0
814 815 1.0
814 816 1.0
815 816 1.0
815 817 1.0
816 818 1.0
816 940 1.0
817 818 1.0
817 819 1.0
818 819 1.0
819 820 1.0
820 821 1.0
820 822 1.0
821 822 1.0
822 823 1.0
822 824 1.0
823 824 1.0
823 825 1.0
824 825 1.0
824 826 1.0
825 826 1.0
825 827 1.0
826 827 1.0
826 828 1.0
826 934 1.0
827 828 1.0
827 829 1.0
828 829 1.0
828 929 1.0
829 830 1.0
829 908 1.0
830 831 1.0
830 832 1.0
831 832 1.0
831 833 1.0
831 834 1.0
832 834 1.0
834 836 1.0
836 837 1.0
837 838 1.0
837 839 1.0
839 841 1.0
840 841 1.0
840 842 1.0
840 939 1.0
842 844 1.0
843 844 1.0
844 845 1.0
844 934 1.0
845 847 1.0
845 1000 1.0
846 847 1.0
846 848 1.0
846 955 1.0
847 848 1.0
849 851 1.0
849 881 1.0
850 851 1.0
851 852 1.0
851 853 1.0
852 853 1.0
852 854 1.0
854 856 1.0
856 857 1.0
858 859 1.0
859 861 1.0
860 861 1.0
861 862 1.0
861 863 1.0
862 863 1.0
863 864 1.0
863 865 1.0
864 865 1.0
864 866 1.0
865 866 1.0
868 869 1.0
869 870 1.0
869 871 1.0
869 921 1.0
870 934 1.0
872 874 1.0
873 874 1.0
874 875 1.0
874 876 1.0
875 876 1.0
875 877 1.0
877 878 1.0
877 879 1.0
878 879 1.0
879 880 1.0
879 881 1.0
880 918 1.0
881 882 1.0
881 883 1.0
882 883 1.0
882 884 1.0
883 884 1.0
883 885 1.0
884 885 1.0
884 886 1.0
885 886 1.0
885 887 1.0
886 888 1.0
887 888 1.0
888 889 1.0
888 890 1.0
889 927 1.0
890 892 1.0
891 892 1.0
892 893 1.0
892 894 1.0
893 895 1.0
894 895 1.0
894 896 1.0
895 896 1.0
896 897 1.0
896 898 1.0
897 955 1.0
898 899 1.0
899 901 1.0
900 901 1.0
900 902 1.0
901 903 1.0
902 904 1.0
903 904 1.0
903 905 1.0
904 905 1.0
904 906 1.0
905 907 1.0
906 907 1.0
906 908 1.0
907 909 1.0
907 979 1.0
908 909 1.0
908 954 1.0
909 910 1.0
909 911 1.0
910 911 1.0
910 912 1.0
911 913 1.0
912 914 1.0
912 938 1.0
913 914 1.0
913 915 1.0
914 915 1.0
914 916 1.0
914 923 1.0
915 917 1.0
916 917 1.0
917 918 1.0
917 919 1.0
918 920 1.0
919 920 1.0
919 921 1.0
920 921 1.0
922 923 1.0
922 924 1.0
923 924 1.0
923 925 1.0
924 925 1.0
924 926 1.0
925 926 1.0
926 928 1.0
928 929 1.0
929 930 1.0
929 931 1.0
930 931 1.0
931 932 1.0
931 933 1.0
932 933 1.0
932 934 1.0
933 934 1.0
933 935 1.0
934 935 1.0
934 936 1.0
935 936 1.0
935 937 1.0
936 938 1.0
937 938 1.0
938 939 1.0
938 940 1.0
939 940 1.0
939 941 1.0
940 942 1.0
941 942 1.0
941 943 1.0
943 944 1.0
944 945 1.0
944 946 1.0
945 946 1.0
945 947 1.0
946 947 1.0
947 949 1.0
948 950 1.0
949 951 1.0
950 951 1.0
952 953 1.0
953 954 1.0
953 955 1.0
954 955 1.0
955 956 1.0
955 957 1.0
956 958 1.0
957 958 1.0
957 959 1.0
958 959 1.0
958 960 1.0
959 960 1.0
959 961 1.0
960 961 1.0
960 962 1.0
962 964 1.0
963 964 1.0
963 965 1.0
963 986 1.0
964 966 1.0
965 966 1.0
965 967 1.0
966 968 1.0
967 968 1.0
968 969 1.0
968 970 1.0
969 971 1.0
970 971 1.0
971 972 1.0
971 973 1.0
972 974 1.0
973 974 1.0
973 975 1.0
974 975 1.0
974 976 1.0
975 977 1.0
976 977 1.0
976 978 1.0
977 979 1.0
977 982 1.0
978 980 1.0
980 982 1.0
981 983 1.0
982 983 1.0
983 984 1.0
984 985 1.0
985 987 1.0
986 987 1.0
987 988 1.0
987 989 1.0
988 989 1.0
988 990 1.0
989 990 1.0
990 991 1.0
990 992 1.0
991 992 1.0
991 993 1.0
994 996 1.0
995 996 1.0
995 997 1.0
996 997 1.0
997 998 1.0
997 999 1.0
998 999 1.0
999 1000 1.0
