*vertices 100
1 0 0.0 0.0 ellipse
2 1 0.0 0.0 ellipse
3 2 0.0 0.0 ellipse
4 3 0.0 0.0 ellipse
5 4 0.0 0.0 ellipse
6 5 0.0 0.0 ellipse
7 6 0.0 0.0 ellipse
8 7 0.0 0.0 ellipse
9 8 0.0 0.0 ellipse
10 9 0.0 0.0 ellipse
11 10 0.0 0.0 ellipse
12 11 0.0 0.0 ellipse
13 12 0.0 0.0 ellipse
14 13 0.0 0.0 ellipse
15 14 0.0 0.0 ellipse
16 15 0.0 0.0 ellipse
17 16 0.0 0.0 ellipse
18 17 0.0 0.0 ellipse
19 18 0.0 0.0 ellipse
20 19 0.0 0.0 ellipse
21 20 0.0 0.0 ellipse
22 21 0.0 0.0 ellipse
23 22 0.0 0.0 ellipse
24 23 0.0 0.0 ellipse
25 24 0.0 0.0 ellipse
26 25 0.0 0.0 ellipse
27 26 0.0 0.0 ellipse
28 27 0.0 0.0 ellipse
29 28 0.0 0.0 ellipse
30 29 0.0 0.0 ellipse
31 30 0.0 0.0 ellipse
32 31 0.0 0.0 ellipse
33 32 0.0 0.0 ellipse
34 33 0.0 0.0 ellipse
35 34 0.0 0.0 ellipse
36 35 0.0 0.0 ellipse
37 36 0.0 0.0 ellipse
38 37 0.0 0.0 ellipse
39 38 0.0 0.0 ellipse
40 39 0.0 0.0 ellipse
41 40 0.0 0.0 ellipse
42 41 0.0 0.0 ellipse
43 42 0.0 0.0 ellipse
44 43 0.0 0.0 ellipse
45 44 0.0 0.0 ellipse
46 45 0.0 0.0 ellipse
47 46 0.0 0.0 ellipse
48 47 0.0 0.0 ellipse
49 48 0.0 0.0 ellipse
50 49 0.0 0.0 ellipse
51 50 0.0 0.0 ellipse
52 51 0.0 0.0 ellipse
53 52 0.0 0.0 ellipse
54 53 0.0 0.0 ellipse
55 54 0.0 0.0 ellipse
56 55 0.0 0.0 ellipse
57 56 0.0 0.0 ellipse
58 57 0.0 0.0 ellipse
59 58 0.0 0.0 ellipse
60 59 0.0 0.0 ellipse
61 60 0.0 0.0 ellipse
62 61 0.0 0.0 ellipse
63 62 0.0 0.0 ellipse
64 63 0.0 0.0 ellipse
65 64 0.0 0.0 ellipse
66 65 0.0 0.0 ellipse
67 66 0.0 0.0 ellipse
68 67 0.0 0.0 ellipse
69 68 0.0 0.0 ellipse
70 69 0.0 0.0 ellipse
71 70 0.0 0.0 ellipse
72 71 0.0 0.0 ellipse
73 72 0.0 0.0 ellipse
74 73 0.0 0.0 ellipse
75 74 0.0 0.0 ellipse
76 75 0.0 0.0 ellipse
77 76 0.0 0.0 ellipse
78 77 0.0 0.0 ellipse
79 78 0.0 0.0 ellipse
80 79 0.0 0.0 ellipse
81 80 0.0 0.0 ellipse
82 81 0.0 0.0 ellipse
83 82 0.0 0.0 ellipse
84 83 0.0 0.0 ellipse
85 84 0.0 0.0 ellipse
86 85 0.0 0.0 ellipse
87 86 0.0 0.0 ellipse
88 87 0.0 0.0 ellipse
89 88 0.0 0.0 ellipse
90 89 0.0 0.0 ellipse
91 90 0.0 0.0 ellipse
92 91 0.0 0.0 ellipse
93 92 0.0 0.0 ellipse
94 93 0.0 0.0 ellipse
95 94 0.0 0.0 ellipse
96 95 0.0 0.0 ellipse
97 96 0.0 0.0 ellipse
98 97 0.0 0.0 ellipse
99 98 0.0 0.0 ellipse
100 99 0.0 0.0 ellipse
*edges
1 3 1.0
1 98 1.0
1 65 1.0
1 2 1.0
1 5 1.0
2 4 1.0
2 5 1.0
2 99 1.0
2 100 1.0
2 22 1.0
2 62 1.0
3 4 1.0
3 100 1.0
3 27 1.0
3 84 1.0
3 28 1.0
3 44 1.0
4 6 1.0
4 7 1.0
5 16 1.0
5 94 1.0
5 39 1.0
5 67 1.0
5 70 1.0
6 8 1.0
6 9 1.0
6 94 1.0
7 61 1.0
7 54 1.0
7 44 1.0
7 62 1.0
7 86 1.0
8 9 1.0
8 10 1.0
8 97 1.0
8 31 1.0
8 44 1.0
8 92 1.0
9 10 1.0
9 12 1.0
10 11 1.0
10 12 1.0
10 15 1.0
11 13 1.0
11 14 1.0
11 25 1.0
11 85 1.0
12 14 1.0
12 46 1.0
13 14 1.0
13 16 1.0
13 35 1.0
13 55 1.0
14 15 1.0
14 16 1.0
14 17 1.0
14 86 1.0
15 16 1.0
15 17 1.0
15 18 1.0
15 86 1.0
16 17 1.0
16 19 1.0
16 78 1.0
17 18 1.0
17 19 1.0
17 64 1.0
18 20 1.0
18 21 1.0
18 62 1.0
18 67 1.0
19 20 1.0
19 22 1.0
19 28 1.0
19 96 1.0
20 21 1.0
20 91 1.0
20 27 1.0
21 24 1.0
21 31 1.0
21 36 1.0
21 33 1.0
22 23 1.0
22 25 1.0
22 92 1.0
23 24 1.0
23 25 1.0
23 63 1.0
23 95 1.0
24 26 1.0
24 27 1.0
24 67 1.0
25 26 1.0
25 28 1.0
25 80 1.0
26 27 1.0
26 28 1.0
26 78 1.0
26 30 1.0
27 28 1.0
27 29 1.0
27 30 1.0
27 50 1.0
27 83 1.0
28 31 1.0
28 69 1.0
29 32 1.0
29 42 1.0
30 32 1.0
30 33 1.0
30 83 1.0
30 64 1.0
30 55 1.0
31 32 1.0
31 34 1.0
31 94 1.0
31 56 1.0
31 95 1.0
32 33 1.0
32 34 1.0
32 95 1.0
33 50 1.0
34 36 1.0
34 37 1.0
35 36 1.0
35 37 1.0
35 38 1.0
35 52 1.0
35 56 1.0
35 87 1.0
35 68 1.0
36 37 1.0
36 38 1.0
36 39 1.0
36 60 1.0
37 38 1.0
37 39 1.0
37 40 1.0
37 62 1.0
38 39 1.0
38 40 1.0
38 41 1.0
39 40 1.0
39 42 1.0
39 71 1.0
40 41 1.0
40 43 1.0
40 59 1.0
41 42 1.0
41 81 1.0
41 74 1.0
41 88 1.0
42 43 1.0
42 45 1.0
43 44 1.0
43 45 1.0
43 46 1.0
44 47 1.0
45 47 1.0
45 48 1.0
45 84 1.0
45 97 1.0
45 58 1.0
45 78 1.0
46 47 1.0
46 78 1.0
47 50 1.0
47 93 1.0
48 49 1.0
48 50 1.0
48 51 1.0
48 72 1.0
48 55 1.0
48 83 1.0
49 79 1.0
50 51 1.0
50 52 1.0
50 98 1.0
50 54 1.0
50 66 1.0
50 67 1.0
50 82 1.0
50 100 1.0
51 52 1.0
51 54 1.0
51 89 1.0
52 53 1.0
52 54 1.0
52 55 1.0
52 78 1.0
53 55 1.0
53 56 1.0
54 56 1.0
54 63 1.0
55 56 1.0
55 58 1.0
55 92 1.0
56 57 1.0
56 58 1.0
56 59 1.0
56 95 1.0
57 60 1.0
57 87 1.0
57 83 1.0
58 60 1.0
58 61 1.0
59 61 1.0
59 62 1.0
59 79 1.0
59 84 1.0
60 61 1.0
60 63 1.0
60 88 1.0
61 62 1.0
61 63 1.0
61 64 1.0
62 63 1.0
63 64 1.0
63 65 1.0
63 66 1.0
63 73 1.0
64 66 1.0
64 67 1.0
64 87 1.0
65 66 1.0
65 68 1.0
66 68 1.0
66 80 1.0
67 68 1.0
67 69 1.0
68 70 1.0
68 71 1.0
68 95 1.0
69 71 1.0
69 72 1.0
69 98 1.0
70 72 1.0
70 73 1.0
70 87 1.0
70 76 1.0
71 72 1.0
71 74 1.0
72 73 1.0
72 74 1.0
72 80 1.0
73 76 1.0
73 100 1.0
74 75 1.0
74 76 1.0
74 77 1.0
74 94 1.0
75 76 1.0
75 77 1.0
76 77 1.0
76 78 1.0
76 79 1.0
77 81 1.0
78 79 1.0
78 81 1.0
79 80 1.0
79 81 1.0
79 82 1.0
80 81 1.0
81 82 1.0
81 83 1.0
81 84 1.0
81 96 1.0
82 83 1.0
82 84 1.0
82 92 1.0
83 84 1.0
83 85 1.0
84 85 1.0
84 87 1.0
85 86 1.0
85 87 1.0
86 89 1.0
87 88 1.0
87 90 1.0
88 90 1.0
88 91 1.0
89 90 1.0
89 91 1.0
89 92 1.0
89 94 1.0
90 91 1.0
90 93 1.0
91 93 1.0
92 93 1.0
92 94 1.0
93 95 1.0
93 96 1.0
94 96 1.0
96 97 1.0
96 98 1.0
97 98 1.0
97 99 1.0
97 100 1.0
98 100 1.0
99 100 1.0
