*vertices 50
1 0 0.0 0.0 ellipse
2 1 0.0 0.0 ellipse
3 2 0.0 0.0 ellipse
4 3 0.0 0.0 ellipse
5 4 0.0 0.0 ellipse
6 5 0.0 0.0 ellipse
7 6 0.0 0.0 ellipse
8 7 0.0 0.0 ellipse
9 8 0.0 0.0 ellipse
10 9 0.0 0.0 ellipse
11 10 0.0 0.0 ellipse
12 11 0.0 0.0 ellipse
13 12 0.0 0.0 ellipse
14 13 0.0 0.0 ellipse
15 14 0.0 0.0 ellipse
16 15 0.0 0.0 ellipse
17 16 0.0 0.0 ellipse
18 17 0.0 0.0 ellipse
19 18 0.0 0.0 ellipse
20 19 0.0 0.0 ellipse
21 20 0.0 0.0 ellipse
22 21 0.0 0.0 ellipse
23 22 0.0 0.0 ellipse
24 23 0.0 0.0 ellipse
25 24 0.0 0.0 ellipse
26 25 0.0 0.0 ellipse
27 26 0.0 0.0 ellipse
28 27 0.0 0.0 ellipse
29 28 0.0 0.0 ellipse
30 29 0.0 0.0 ellipse
31 30 0.0 0.0 ellipse
32 31 0.0 0.0 ellipse
33 32 0.0 0.0 ellipse
34 33 0.0 0.0 ellipse
35 34 0.0 0.0 ellipse
36 35 0.0 0.0 ellipse
37 36 0.0 0.0 ellipse
38 37 0.0 0.0 ellipse
39 38 0.0 0.0 ellipse
40 39 0.0 0.0 ellipse
41 40 0.0 0.0 ellipse
42 41 0.0 0.0 ellipse
43 42 0.0 0.0 ellipse
44 43 0.0 0.0 ellipse
45 44 0.0 0.0 ellipse
46 45 0.0 0.0 ellipse
47 46 0.0 0.0 ellipse
48 47 0.0 0.0 ellipse
49 48 0.0 0.0 ellipse
50 49 0.0 0.0 ellipse
*edges
1 2 1.0
1 3 1.0
1 4 1.0
1 5 1.0
1 6 1.0
1 46 1.0
1 47 1.0
1 48 1.0
1 49 1.0
1 50 1.0
2 3 1.0
2 4 1.0
2 5 1.0
2 6 1.0
2 7 1.0
2 47 1.0
2 48 1.0
2 49 1.0
2 50 1.0
3 4 1.0
3 5 1.0
3 6 1.0
3 7 1.0
3 8 1.0
3 48 1.0
3 49 1.0
3 50 1.0
4 5 1.0
4 6 1.0
4 7 1.0
4 8 1.0
4 9 1.0
4 49 1.0
4 50 1.0
5 6 1.0
5 7 1.0
5 8 1.0
5 9 1.0
5 10 1.0
5 50 1.0
6 7 1.0
6 8 1.0
6 9 1.0
6 10 1.0
6 11 1.0
7 8 1.0
7 9 1.0
7 10 1.0
7 11 1.0
7 12 1.0
8 9 1.0
8 10 1.0
8 11 1.0
8 12 1.0
8 13 1.0
9 10 1.0
9 11 1.0
9 12 1.0
9 13 1.0
9 14 1.0
10 11 1.0
10 12 1.0
10 13 1.0
10 14 1.0
10 15 1.0
11 12 1.0
11 13 1.0
11 14 1.0
11 15 1.0
11 16 1.0
12 13 1.0
12 14 1.0
12 15 1.0
12 16 1.0
12 17 1.0
13 14 1.0
13 15 1.0
13 16 1.0
13 17 1.0
13 18 1.0
14 15 1.0
14 16 1.0
14 17 1.0
14 18 1.0
14 19 1.0
15 16 1.0
15 17 1.0
15 18 1.0
15 19 1.0
15 20 1.0
16 17 1.0
16 18 1.0
16 19 1.0
16 20 1.0
16 21 1.0
17 18 1.0
17 19 1.0
17 20 1.0
17 21 1.0
17 22 1.0
18 19 1.0
18 20 1.0
18 21 1.0
18 22 1.0
18 23 1.0
19 20 1.0
19 21 1.0
19 22 1.0
19 23 1.0
19 24 1.0
20 21 1.0
20 22 1.0
20 23 1.0
20 24 1.0
20 25 1.0
21 22 1.0
21 23 1.0
21 24 1.0
21 25 1.0
21 26 1.0
22 23 1.0
22 24 1.0
22 25 1.0
22 26 1.0
22 27 1.0
23 24 1.0
23 25 1.0
23 26 1.0
23 27 1.0
23 28 1.0
24 25 1.0
24 26 1.0
24 27 1.0
24 28 1.0
24 29 1.0
25 26 1.0
25 27 1.0
25 28 1.0
25 29 1.0
25 30 1.0
26 27 1.0
26 28 1.0
26 29 1.0
26 30 1.0
26 31 1.0
27 28 1.0
27 29 1.0
27 30 1.0
27 31 1.0
27 32 1.0
28 29 1.0
28 30 1.0
28 31 1.0
28 32 1.0
28 33 1.0
29 30 1.0
29 31 1.0
29 32 1.0
29 33 1.0
29 34 1.0
30 31 1.0
30 32 1.0
30 33 1.0
30 34 1.0
30 35 1.0
31 32 1.0
31 33 1.0
31 34 1.0
31 35 1.0
31 36 1.0
32 33 1.0
32 34 1.0
32 35 1.0
32 36 1.0
32 37 1.0
33 34 1.0
33 35 1.0
33 36 1.0
33 37 1.0
33 38 1.0
34 35 1.0
34 36 1.0
34 37 1.0
34 38 1.0
34 39 1.0
35 36 1.0
35 37 1.0
35 38 1.0
35 39 1.0
35 40 1.0
36 37 1.0
36 38 1.0
36 39 1.0
36 40 1.0
36 41 1.0
37 38 1.0
37 39 1.0
37 40 1.0
37 41 1.0
37 42 1.0
38 39 1.0
38 40 1.0
38 41 1.0
38 42 1.0
38 43 1.0
39 40 1.0
39 41 1.0
39 42 1.0
39 43 1.0
39 44 1.0
40 41 1.0
40 42 1.0
40 43 1.0
40 44 1.0
40 45 1.0
41 42 1.0
41 43 1.0
41 44 1.0
41 45 1.0
41 46 1.0
42 43 1.0
42 44 1.0
42 45 1.0
42 46 1.0
42 47 1.0
43 44 1.0
43 45 1.0
43 46 1.0
43 47 1.0
43 48 1.0
44 45 1.0
44 46 1.0
44 47 1.0
44 48 1.0
44 49 1.0
45 46 1.0
45 47 1.0
45 48 1.0
45 49 1.0
45 50 1.0
46 47 1.0
46 48 1.0
46 49 1.0
46 50 1.0
47 48 1.0
47 49 1.0
47 50 1.0
48 49 1.0
48 50 1.0
49 50 1.0
