*vertices 500
1 0 0.0 0.0 ellipse
2 1 0.0 0.0 ellipse
3 2 0.0 0.0 ellipse
4 3 0.0 0.0 ellipse
5 4 0.0 0.0 ellipse
6 5 0.0 0.0 ellipse
7 6 0.0 0.0 ellipse
8 7 0.0 0.0 ellipse
9 8 0.0 0.0 ellipse
10 9 0.0 0.0 ellipse
11 10 0.0 0.0 ellipse
12 11 0.0 0.0 ellipse
13 12 0.0 0.0 ellipse
14 13 0.0 0.0 ellipse
15 14 0.0 0.0 ellipse
16 15 0.0 0.0 ellipse
17 16 0.0 0.0 ellipse
18 17 0.0 0.0 ellipse
19 18 0.0 0.0 ellipse
20 19 0.0 0.0 ellipse
21 20 0.0 0.0 ellipse
22 21 0.0 0.0 ellipse
23 22 0.0 0.0 ellipse
24 23 0.0 0.0 ellipse
25 24 0.0 0.0 ellipse
26 25 0.0 0.0 ellipse
27 26 0.0 0.0 ellipse
28 27 0.0 0.0 ellipse
29 28 0.0 0.0 ellipse
30 29 0.0 0.0 ellipse
31 30 0.0 0.0 ellipse
32 31 0.0 0.0 ellipse
33 32 0.0 0.0 ellipse
34 33 0.0 0.0 ellipse
35 34 0.0 0.0 ellipse
36 35 0.0 0.0 ellipse
37 36 0.0 0.0 ellipse
38 37 0.0 0.0 ellipse
39 38 0.0 0.0 ellipse
40 39 0.0 0.0 ellipse
41 40 0.0 0.0 ellipse
42 41 0.0 0.0 ellipse
43 42 0.0 0.0 ellipse
44 43 0.0 0.0 ellipse
45 44 0.0 0.0 ellipse
46 45 0.0 0.0 ellipse
47 46 0.0 0.0 ellipse
48 47 0.0 0.0 ellipse
49 48 0.0 0.0 ellipse
50 49 0.0 0.0 ellipse
51 50 0.0 0.0 ellipse
52 51 0.0 0.0 ellipse
53 52 0.0 0.0 ellipse
54 53 0.0 0.0 ellipse
55 54 0.0 0.0 ellipse
56 55 0.0 0.0 ellipse
57 56 0.0 0.0 ellipse
58 57 0.0 0.0 ellipse
59 58 0.0 0.0 ellipse
60 59 0.0 0.0 ellipse
61 60 0.0 0.0 ellipse
62 61 0.0 0.0 ellipse
63 62 0.0 0.0 ellipse
64 63 0.0 0.0 ellipse
65 64 0.0 0.0 ellipse
66 65 0.0 0.0 ellipse
67 66 0.0 0.0 ellipse
68 67 0.0 0.0 ellipse
69 68 0.0 0.0 ellipse
70 69 0.0 0.0 ellipse
71 70 0.0 0.0 ellipse
72 71 0.0 0.0 ellipse
73 72 0.0 0.0 ellipse
74 73 0.0 0.0 ellipse
75 74 0.0 0.0 ellipse
76 75 0.0 0.0 ellipse
77 76 0.0 0.0 ellipse
78 77 0.0 0.0 ellipse
79 78 0.0 0.0 ellipse
80 79 0.0 0.0 ellipse
81 80 0.0 0.0 ellipse
82 81 0.0 0.0 ellipse
83 82 0.0 0.0 ellipse
84 83 0.0 0.0 ellipse
85 84 0.0 0.0 ellipse
86 85 0.0 0.0 ellipse
87 86 0.0 0.0 ellipse
88 87 0.0 0.0 ellipse
89 88 0.0 0.0 ellipse
90 89 0.0 0.0 ellipse
91 90 0.0 0.0 ellipse
92 91 0.0 0.0 ellipse
93 92 0.0 0.0 ellipse
94 93 0.0 0.0 ellipse
95 94 0.0 0.0 ellipse
96 95 0.0 0.0 ellipse
97 96 0.0 0.0 ellipse
98 97 0.0 0.0 ellipse
99 98 0.0 0.0 ellipse
100 99 0.0 0.0 ellipse
101 100 0.0 0.0 ellipse
102 101 0.0 0.0 ellipse
103 102 0.0 0.0 ellipse
104 103 0.0 0.0 ellipse
105 104 0.0 0.0 ellipse
106 105 0.0 0.0 ellipse
107 106 0.0 0.0 ellipse
108 107 0.0 0.0 ellipse
109 108 0.0 0.0 ellipse
110 109 0.0 0.0 ellipse
111 110 0.0 0.0 ellipse
112 111 0.0 0.0 ellipse
113 112 0.0 0.0 ellipse
114 113 0.0 0.0 ellipse
115 114 0.0 0.0 ellipse
116 115 0.0 0.0 ellipse
117 116 0.0 0.0 ellipse
118 117 0.0 0.0 ellipse
119 118 0.0 0.0 ellipse
120 119 0.0 0.0 ellipse
121 120 0.0 0.0 ellipse
122 121 0.0 0.0 ellipse
123 122 0.0 0.0 ellipse
124 123 0.0 0.0 ellipse
125 124 0.0 0.0 ellipse
126 125 0.0 0.0 ellipse
127 126 0.0 0.0 ellipse
128 127 0.0 0.0 ellipse
129 128 0.0 0.0 ellipse
130 129 0.0 0.0 ellipse
131 130 0.0 0.0 ellipse
132 131 0.0 0.0 ellipse
133 132 0.0 0.0 ellipse
134 133 0.0 0.0 ellipse
135 134 0.0 0.0 ellipse
136 135 0.0 0.0 ellipse
137 136 0.0 0.0 ellipse
138 137 0.0 0.0 ellipse
139 138 0.0 0.0 ellipse
140 139 0.0 0.0 ellipse
141 140 0.0 0.0 ellipse
142 141 0.0 0.0 ellipse
143 142 0.0 0.0 ellipse
144 143 0.0 0.0 ellipse
145 144 0.0 0.0 ellipse
146 145 0.0 0.0 ellipse
147 146 0.0 0.0 ellipse
148 147 0.0 0.0 ellipse
149 148 0.0 0.0 ellipse
150 149 0.0 0.0 ellipse
151 150 0.0 0.0 ellipse
152 151 0.0 0.0 ellipse
153 152 0.0 0.0 ellipse
154 153 0.0 0.0 ellipse
155 154 0.0 0.0 ellipse
156 155 0.0 0.0 ellipse
157 156 0.0 0.0 ellipse
158 157 0.0 0.0 ellipse
159 158 0.0 0.0 ellipse
160 159 0.0 0.0 ellipse
161 160 0.0 0.0 ellipse
162 161 0.0 0.0 ellipse
163 162 0.0 0.0 ellipse
164 163 0.0 0.0 ellipse
165 164 0.0 0.0 ellipse
166 165 0.0 0.0 ellipse
167 166 0.0 0.0 ellipse
168 167 0.0 0.0 ellipse
169 168 0.0 0.0 ellipse
170 169 0.0 0.0 ellipse
171 170 0.0 0.0 ellipse
172 171 0.0 0.0 ellipse
173 172 0.0 0.0 ellipse
174 173 0.0 0.0 ellipse
175 174 0.0 0.0 ellipse
176 175 0.0 0.0 ellipse
177 176 0.0 0.0 ellipse
178 177 0.0 0.0 ellipse
179 178 0.0 0.0 ellipse
180 179 0.0 0.0 ellipse
181 180 0.0 0.0 ellipse
182 181 0.0 0.0 ellipse
183 182 0.0 0.0 ellipse
184 183 0.0 0.0 ellipse
185 184 0.0 0.0 ellipse
186 185 0.0 0.0 ellipse
187 186 0.0 0.0 ellipse
188 187 0.0 0.0 ellipse
189 188 0.0 0.0 ellipse
190 189 0.0 0.0 ellipse
191 190 0.0 0.0 ellipse
192 191 0.0 0.0 ellipse
193 192 0.0 0.0 ellipse
194 193 0.0 0.0 ellipse
195 194 0.0 0.0 ellipse
196 195 0.0 0.0 ellipse
197 196 0.0 0.0 ellipse
198 197 0.0 0.0 ellipse
199 198 0.0 0.0 ellipse
200 199 0.0 0.0 ellipse
201 200 0.0 0.0 ellipse
202 201 0.0 0.0 ellipse
203 202 0.0 0.0 ellipse
204 203 0.0 0.0 ellipse
205 204 0.0 0.0 ellipse
206 205 0.0 0.0 ellipse
207 206 0.0 0.0 ellipse
208 207 0.0 0.0 ellipse
209 208 0.0 0.0 ellipse
210 209 0.0 0.0 ellipse
211 210 0.0 0.0 ellipse
212 211 0.0 0.0 ellipse
213 212 0.0 0.0 ellipse
214 213 0.0 0.0 ellipse
215 214 0.0 0.0 ellipse
216 215 0.0 0.0 ellipse
217 216 0.0 0.0 ellipse
218 217 0.0 0.0 ellipse
219 218 0.0 0.0 ellipse
220 219 0.0 0.0 ellipse
221 220 0.0 0.0 ellipse
222 221 0.0 0.0 ellipse
223 222 0.0 0.0 ellipse
224 223 0.0 0.0 ellipse
225 224 0.0 0.0 ellipse
226 225 0.0 0.0 ellipse
227 226 0.0 0.0 ellipse
228 227 0.0 0.0 ellipse
229 228 0.0 0.0 ellipse
230 229 0.0 0.0 ellipse
231 230 0.0 0.0 ellipse
232 231 0.0 0.0 ellipse
233 232 0.0 0.0 ellipse
234 233 0.0 0.0 ellipse
235 234 0.0 0.0 ellipse
236 235 0.0 0.0 ellipse
237 236 0.0 0.0 ellipse
238 237 0.0 0.0 ellipse
239 238 0.0 0.0 ellipse
240 239 0.0 0.0 ellipse
241 240 0.0 0.0 ellipse
242 241 0.0 0.0 ellipse
243 242 0.0 0.0 ellipse
244 243 0.0 0.0 ellipse
245 244 0.0 0.0 ellipse
246 245 0.0 0.0 ellipse
247 246 0.0 0.0 ellipse
248 247 0.0 0.0 ellipse
249 248 0.0 0.0 ellipse
250 249 0.0 0.0 ellipse
251 250 0.0 0.0 ellipse
252 251 0.0 0.0 ellipse
253 252 0.0 0.0 ellipse
254 253 0.0 0.0 ellipse
255 254 0.0 0.0 ellipse
256 255 0.0 0.0 ellipse
257 256 0.0 0.0 ellipse
258 257 0.0 0.0 ellipse
259 258 0.0 0.0 ellipse
260 259 0.0 0.0 ellipse
261 260 0.0 0.0 ellipse
262 261 0.0 0.0 ellipse
263 262 0.0 0.0 ellipse
264 263 0.0 0.0 ellipse
265 264 0.0 0.0 ellipse
266 265 0.0 0.0 ellipse
267 266 0.0 0.0 ellipse
268 267 0.0 0.0 ellipse
269 268 0.0 0.0 ellipse
270 269 0.0 0.0 ellipse
271 270 0.0 0.0 ellipse
272 271 0.0 0.0 ellipse
273 272 0.0 0.0 ellipse
274 273 0.0 0.0 ellipse
275 274 0.0 0.0 ellipse
276 275 0.0 0.0 ellipse
277 276 0.0 0.0 ellipse
278 277 0.0 0.0 ellipse
279 278 0.0 0.0 ellipse
280 279 0.0 0.0 ellipse
281 280 0.0 0.0 ellipse
282 281 0.0 0.0 ellipse
283 282 0.0 0.0 ellipse
284 283 0.0 0.0 ellipse
285 284 0.0 0.0 ellipse
286 285 0.0 0.0 ellipse
287 286 0.0 0.0 ellipse
288 287 0.0 0.0 ellipse
289 288 0.0 0.0 ellipse
290 289 0.0 0.0 ellipse
291 290 0.0 0.0 ellipse
292 291 0.0 0.0 ellipse
293 292 0.0 0.0 ellipse
294 293 0.0 0.0 ellipse
295 294 0.0 0.0 ellipse
296 295 0.0 0.0 ellipse
297 296 0.0 0.0 ellipse
298 297 0.0 0.0 ellipse
299 298 0.0 0.0 ellipse
300 299 0.0 0.0 ellipse
301 300 0.0 0.0 ellipse
302 301 0.0 0.0 ellipse
303 302 0.0 0.0 ellipse
304 303 0.0 0.0 ellipse
305 304 0.0 0.0 ellipse
306 305 0.0 0.0 ellipse
307 306 0.0 0.0 ellipse
308 307 0.0 0.0 ellipse
309 308 0.0 0.0 ellipse
310 309 0.0 0.0 ellipse
311 310 0.0 0.0 ellipse
312 311 0.0 0.0 ellipse
313 312 0.0 0.0 ellipse
314 313 0.0 0.0 ellipse
315 314 0.0 0.0 ellipse
316 315 0.0 0.0 ellipse
317 316 0.0 0.0 ellipse
318 317 0.0 0.0 ellipse
319 318 0.0 0.0 ellipse
320 319 0.0 0.0 ellipse
321 320 0.0 0.0 ellipse
322 321 0.0 0.0 ellipse
323 322 0.0 0.0 ellipse
324 323 0.0 0.0 ellipse
325 324 0.0 0.0 ellipse
326 325 0.0 0.0 ellipse
327 326 0.0 0.0 ellipse
328 327 0.0 0.0 ellipse
329 328 0.0 0.0 ellipse
330 329 0.0 0.0 ellipse
331 330 0.0 0.0 ellipse
332 331 0.0 0.0 ellipse
333 332 0.0 0.0 ellipse
334 333 0.0 0.0 ellipse
335 334 0.0 0.0 ellipse
336 335 0.0 0.0 ellipse
337 336 0.0 0.0 ellipse
338 337 0.0 0.0 ellipse
339 338 0.0 0.0 ellipse
340 339 0.0 0.0 ellipse
341 340 0.0 0.0 ellipse
342 341 0.0 0.0 ellipse
343 342 0.0 0.0 ellipse
344 343 0.0 0.0 ellipse
345 344 0.0 0.0 ellipse
346 345 0.0 0.0 ellipse
347 346 0.0 0.0 ellipse
348 347 0.0 0.0 ellipse
349 348 0.0 0.0 ellipse
350 349 0.0 0.0 ellipse
351 350 0.0 0.0 ellipse
352 351 0.0 0.0 ellipse
353 352 0.0 0.0 ellipse
354 353 0.0 0.0 ellipse
355 354 0.0 0.0 ellipse
356 355 0.0 0.0 ellipse
357 356 0.0 0.0 ellipse
358 357 0.0 0.0 ellipse
359 358 0.0 0.0 ellipse
360 359 0.0 0.0 ellipse
361 360 0.0 0.0 ellipse
362 361 0.0 0.0 ellipse
363 362 0.0 0.0 ellipse
364 363 0.0 0.0 ellipse
365 364 0.0 0.0 ellipse
366 365 0.0 0.0 ellipse
367 366 0.0 0.0 ellipse
368 367 0.0 0.0 ellipse
369 368 0.0 0.0 ellipse
370 369 0.0 0.0 ellipse
371 370 0.0 0.0 ellipse
372 371 0.0 0.0 ellipse
373 372 0.0 0.0 ellipse
374 373 0.0 0.0 ellipse
375 374 0.0 0.0 ellipse
376 375 0.0 0.0 ellipse
377 376 0.0 0.0 ellipse
378 377 0.0 0.0 ellipse
379 378 0.0 0.0 ellipse
380 379 0.0 0.0 ellipse
381 380 0.0 0.0 ellipse
382 381 0.0 0.0 ellipse
383 382 0.0 0.0 ellipse
384 383 0.0 0.0 ellipse
385 384 0.0 0.0 ellipse
386 385 0.0 0.0 ellipse
387 386 0.0 0.0 ellipse
388 387 0.0 0.0 ellipse
389 388 0.0 0.0 ellipse
390 389 0.0 0.0 ellipse
391 390 0.0 0.0 ellipse
392 391 0.0 0.0 ellipse
393 392 0.0 0.0 ellipse
394 393 0.0 0.0 ellipse
395 394 0.0 0.0 ellipse
396 395 0.0 0.0 ellipse
397 396 0.0 0.0 ellipse
398 397 0.0 0.0 ellipse
399 398 0.0 0.0 ellipse
400 399 0.0 0.0 ellipse
401 400 0.0 0.0 ellipse
402 401 0.0 0.0 ellipse
403 402 0.0 0.0 ellipse
404 403 0.0 0.0 ellipse
405 404 0.0 0.0 ellipse
406 405 0.0 0.0 ellipse
407 406 0.0 0.0 ellipse
408 407 0.0 0.0 ellipse
409 408 0.0 0.0 ellipse
410 409 0.0 0.0 ellipse
411 410 0.0 0.0 ellipse
412 411 0.0 0.0 ellipse
413 412 0.0 0.0 ellipse
414 413 0.0 0.0 ellipse
415 414 0.0 0.0 ellipse
416 415 0.0 0.0 ellipse
417 416 0.0 0.0 ellipse
418 417 0.0 0.0 ellipse
419 418 0.0 0.0 ellipse
420 419 0.0 0.0 ellipse
421 420 0.0 0.0 ellipse
422 421 0.0 0.0 ellipse
423 422 0.0 0.0 ellipse
424 423 0.0 0.0 ellipse
425 424 0.0 0.0 ellipse
426 425 0.0 0.0 ellipse
427 426 0.0 0.0 ellipse
428 427 0.0 0.0 ellipse
429 428 0.0 0.0 ellipse
430 429 0.0 0.0 ellipse
431 430 0.0 0.0 ellipse
432 431 0.0 0.0 ellipse
433 432 0.0 0.0 ellipse
434 433 0.0 0.0 ellipse
435 434 0.0 0.0 ellipse
436 435 0.0 0.0 ellipse
437 436 0.0 0.0 ellipse
438 437 0.0 0.0 ellipse
439 438 0.0 0.0 ellipse
440 439 0.0 0.0 ellipse
441 440 0.0 0.0 ellipse
442 441 0.0 0.0 ellipse
443 442 0.0 0.0 ellipse
444 443 0.0 0.0 ellipse
445 444 0.0 0.0 ellipse
446 445 0.0 0.0 ellipse
447 446 0.0 0.0 ellipse
448 447 0.0 0.0 ellipse
449 448 0.0 0.0 ellipse
450 449 0.0 0.0 ellipse
451 450 0.0 0.0 ellipse
452 451 0.0 0.0 ellipse
453 452 0.0 0.0 ellipse
454 453 0.0 0.0 ellipse
455 454 0.0 0.0 ellipse
456 455 0.0 0.0 ellipse
457 456 0.0 0.0 ellipse
458 457 0.0 0.0 ellipse
459 458 0.0 0.0 ellipse
460 459 0.0 0.0 ellipse
461 460 0.0 0.0 ellipse
462 461 0.0 0.0 ellipse
463 462 0.0 0.0 ellipse
464 463 0.0 0.0 ellipse
465 464 0.0 0.0 ellipse
466 465 0.0 0.0 ellipse
467 466 0.0 0.0 ellipse
468 467 0.0 0.0 ellipse
469 468 0.0 0.0 ellipse
470 469 0.0 0.0 ellipse
471 470 0.0 0.0 ellipse
472 471 0.0 0.0 ellipse
473 472 0.0 0.0 ellipse
474 473 0.0 0.0 ellipse
475 474 0.0 0.0 ellipse
476 475 0.0 0.0 ellipse
477 476 0.0 0.0 ellipse
478 477 0.0 0.0 ellipse
479 478 0.0 0.0 ellipse
480 479 0.0 0.0 ellipse
481 480 0.0 0.0 ellipse
482 481 0.0 0.0 ellipse
483 482 0.0 0.0 ellipse
484 483 0.0 0.0 ellipse
485 484 0.0 0.0 ellipse
486 485 0.0 0.0 ellipse
487 486 0.0 0.0 ellipse
488 487 0.0 0.0 ellipse
489 488 0.0 0.0 ellipse
490 489 0.0 0.0 ellipse
491 490 0.0 0.0 ellipse
492 491 0.0 0.0 ellipse
493 492 0.0 0.0 ellipse
494 493 0.0 0.0 ellipse
495 494 0.0 0.0 ellipse
496 495 0.0 0.0 ellipse
497 496 0.0 0.0 ellipse
498 497 0.0 0.0 ellipse
499 498 0.0 0.0 ellipse
500 499 0.0 0.0 ellipse
*edges
1 322 1.0
1 190 1.0
2 400 1.0
3 288 1.0
3 495 1.0
4 268 1.0
5 292 1.0
6 122 1.0
7 421 1.0
8 407 1.0
8 368 1.0
9 196 1.0
10 399 1.0
10 270 1.0
10 27 1.0
10 386 1.0
10 55 1.0
11 13 1.0
12 258 1.0
12 426 1.0
14 209 1.0
14 486 1.0
14 341 1.0
14 211 1.0
15 211 1.0
16 447 1.0
17 448 1.0
18 281 1.0
19 149 1.0
20 191 1.0
21 427 1.0
22 77 1.0
22 281 1.0
22 422 1.0
22 208 1.0
23 116 1.0
24 193 1.0
24 472 1.0
25 116 1.0
25 145 1.0
25 204 1.0
26 82 1.0
26 119 1.0
26 144 1.0
26 178 1.0
26 88 1.0
26 448 1.0
28 270 1.0
28 264 1.0
28 113 1.0
28 194 1.0
29 85 1.0
30 492 1.0
31 360 1.0
32 151 1.0
33 486 1.0
34 72 1.0
35 314 1.0
35 155 1.0
36 358 1.0
37 388 1.0
38 480 1.0
38 310 1.0
39 260 1.0
40 202 1.0
40 288 1.0
41 247 1.0
42 102 1.0
43 50 1.0
44 437 1.0
45 177 1.0
46 339 1.0
47 357 1.0
48 251 1.0
49 151 1.0
51 378 1.0
51 288 1.0
51 417 1.0
51 85 1.0
51 270 1.0
52 415 1.0
53 202 1.0
54 404 1.0
56 214 1.0
57 99 1.0
58 448 1.0
59 366 1.0
60 131 1.0
61 287 1.0
61 367 1.0
62 343 1.0
63 144 1.0
64 94 1.0
65 206 1.0
65 359 1.0
66 475 1.0
67 188 1.0
68 212 1.0
69 247 1.0
70 277 1.0
71 175 1.0
71 486 1.0
71 336 1.0
71 317 1.0
71 109 1.0
72 113 1.0
72 248 1.0
73 448 1.0
74 360 1.0
75 254 1.0
76 475 1.0
77 454 1.0
78 376 1.0
79 202 1.0
79 85 1.0
80 218 1.0
81 254 1.0
83 462 1.0
84 288 1.0
84 308 1.0
84 413 1.0
84 352 1.0
84 85 1.0
84 128 1.0
84 254 1.0
84 424 1.0
85 495 1.0
85 288 1.0
85 499 1.0
85 448 1.0
85 377 1.0
85 197 1.0
85 388 1.0
85 437 1.0
85 306 1.0
85 130 1.0
85 150 1.0
85 372 1.0
85 110 1.0
85 126 1.0
85 320 1.0
85 182 1.0
85 208 1.0
85 254 1.0
85 205 1.0
85 327 1.0
85 267 1.0
85 423 1.0
85 436 1.0
85 297 1.0
85 181 1.0
85 211 1.0
85 207 1.0
85 263 1.0
86 291 1.0
86 466 1.0
87 363 1.0
89 377 1.0
90 125 1.0
91 323 1.0
92 234 1.0
93 486 1.0
95 421 1.0
96 379 1.0
96 448 1.0
97 464 1.0
98 144 1.0
99 432 1.0
99 180 1.0
100 144 1.0
100 468 1.0
101 279 1.0
101 187 1.0
102 255 1.0
102 275 1.0
102 185 1.0
102 295 1.0
103 210 1.0
104 417 1.0
105 223 1.0
106 425 1.0
106 201 1.0
107 288 1.0
108 448 1.0
109 304 1.0
111 193 1.0
112 486 1.0
113 328 1.0
113 275 1.0
113 263 1.0
113 326 1.0
114 486 1.0
115 135 1.0
116 120 1.0
116 437 1.0
116 451 1.0
116 167 1.0
116 275 1.0
116 457 1.0
117 202 1.0
118 481 1.0
119 339 1.0
119 221 1.0
119 437 1.0
119 232 1.0
121 461 1.0
122 168 1.0
123 189 1.0
124 448 1.0
125 315 1.0
127 266 1.0
129 439 1.0
131 377 1.0
132 366 1.0
133 179 1.0
133 448 1.0
134 498 1.0
135 339 1.0
135 353 1.0
135 500 1.0
135 281 1.0
135 350 1.0
136 270 1.0
137 292 1.0
138 240 1.0
139 483 1.0
140 448 1.0
141 421 1.0
142 390 1.0
142 492 1.0
143 169 1.0
144 270 1.0
144 279 1.0
144 292 1.0
144 366 1.0
146 408 1.0
147 179 1.0
148 423 1.0
151 253 1.0
151 222 1.0
151 463 1.0
151 345 1.0
152 432 1.0
152 266 1.0
153 448 1.0
154 193 1.0
155 333 1.0
155 402 1.0
155 365 1.0
155 180 1.0
155 450 1.0
155 474 1.0
155 270 1.0
156 299 1.0
156 230 1.0
157 342 1.0
158 229 1.0
159 431 1.0
160 446 1.0
160 448 1.0
161 275 1.0
161 270 1.0
162 361 1.0
163 447 1.0
164 394 1.0
165 339 1.0
166 260 1.0
170 254 1.0
171 450 1.0
172 406 1.0
172 195 1.0
173 493 1.0
174 333 1.0
175 440 1.0
175 421 1.0
176 276 1.0
183 188 1.0
183 370 1.0
183 483 1.0
183 292 1.0
183 465 1.0
184 377 1.0
185 241 1.0
186 448 1.0
189 493 1.0
192 421 1.0
193 437 1.0
194 371 1.0
195 300 1.0
195 483 1.0
195 244 1.0
195 443 1.0
198 294 1.0
199 356 1.0
200 224 1.0
202 340 1.0
202 388 1.0
202 460 1.0
202 270 1.0
202 374 1.0
202 338 1.0
202 204 1.0
202 380 1.0
202 486 1.0
202 448 1.0
203 400 1.0
205 247 1.0
205 282 1.0
207 260 1.0
207 454 1.0
208 437 1.0
208 448 1.0
208 421 1.0
211 299 1.0
212 252 1.0
212 312 1.0
213 230 1.0
215 265 1.0
216 354 1.0
217 270 1.0
219 468 1.0
219 456 1.0
220 486 1.0
225 305 1.0
226 482 1.0
226 315 1.0
227 369 1.0
228 299 1.0
231 497 1.0
232 479 1.0
232 313 1.0
233 288 1.0
235 262 1.0
235 399 1.0
236 447 1.0
237 448 1.0
238 490 1.0
239 251 1.0
242 355 1.0
243 316 1.0
244 486 1.0
245 448 1.0
246 299 1.0
247 358 1.0
249 432 1.0
250 331 1.0
254 318 1.0
254 275 1.0
254 443 1.0
254 261 1.0
254 433 1.0
254 450 1.0
254 315 1.0
254 270 1.0
254 468 1.0
256 438 1.0
257 297 1.0
259 448 1.0
260 448 1.0
260 306 1.0
260 401 1.0
263 388 1.0
263 486 1.0
263 448 1.0
269 340 1.0
270 430 1.0
270 388 1.0
270 454 1.0
270 377 1.0
270 487 1.0
270 372 1.0
270 448 1.0
271 485 1.0
272 364 1.0
273 377 1.0
274 291 1.0
275 395 1.0
275 403 1.0
275 384 1.0
275 448 1.0
278 468 1.0
279 288 1.0
279 483 1.0
279 418 1.0
280 319 1.0
283 421 1.0
284 381 1.0
285 377 1.0
286 300 1.0
288 371 1.0
288 301 1.0
288 437 1.0
288 467 1.0
288 494 1.0
288 416 1.0
288 474 1.0
288 360 1.0
289 428 1.0
290 447 1.0
291 360 1.0
291 377 1.0
291 452 1.0
291 389 1.0
292 299 1.0
292 435 1.0
293 294 1.0
293 382 1.0
293 377 1.0
296 345 1.0
297 458 1.0
297 421 1.0
297 306 1.0
297 486 1.0
298 350 1.0
299 434 1.0
299 321 1.0
299 351 1.0
299 479 1.0
300 450 1.0
302 448 1.0
303 414 1.0
306 412 1.0
306 411 1.0
306 485 1.0
307 429 1.0
309 385 1.0
311 366 1.0
315 377 1.0
316 420 1.0
316 388 1.0
324 489 1.0
325 445 1.0
329 447 1.0
330 415 1.0
332 381 1.0
334 412 1.0
335 414 1.0
337 339 1.0
343 491 1.0
344 386 1.0
345 455 1.0
346 430 1.0
347 459 1.0
348 442 1.0
349 477 1.0
359 360 1.0
359 448 1.0
359 482 1.0
360 448 1.0
360 397 1.0
360 421 1.0
362 409 1.0
363 448 1.0
368 486 1.0
371 388 1.0
372 488 1.0
372 456 1.0
373 396 1.0
375 456 1.0
375 391 1.0
377 412 1.0
377 430 1.0
377 466 1.0
377 408 1.0
377 398 1.0
377 444 1.0
377 448 1.0
378 484 1.0
383 430 1.0
384 465 1.0
387 447 1.0
388 412 1.0
388 449 1.0
392 475 1.0
393 430 1.0
398 478 1.0
401 486 1.0
405 437 1.0
410 419 1.0
412 448 1.0
412 482 1.0
423 486 1.0
430 473 1.0
433 480 1.0
437 475 1.0
441 466 1.0
445 448 1.0
448 496 1.0
448 471 1.0
448 486 1.0
448 469 1.0
453 470 1.0
456 495 1.0
457 483 1.0
465 467 1.0
476 483 1.0
